"mean lat" "mean long" "mean maturity" "STD" "CV" "median maturity" "string number"
"1" -7.93593 -14.67292 1 NA NA 1 1
"2" -8.22322 -14.36487 0.910955710955711 0.12407678204483 0.136205065243685 0.963636363636364 3
"3" -7.93932 -14.06267 0.911835748792271 0.140341074412525 0.153910476309365 0.985507246376812 3
"4" -7.92415 -14.44237 0.310344827586207 NA NA 0.310344827586207 1
"5" -7.97005 -14.319505 0.577596618357488 0.420591895814462 0.728175827986147 0.577596618357488 2
"6" -7.491115 -11.97865 0.811688311688312 0.13774807425712 0.169705627484771 0.811688311688312 2
"7" -8.78574 -11.069505 0.954545454545455 0.0642824346533225 0.0673435029701474 0.954545454545455 2
"8" -6.77467 -11.38121 0.818181818181818 NA NA 0.818181818181818 1
"9" -8.352235 -12.761045 0.916666666666667 0.117851130197758 0.128564869306645 0.916666666666667 2
"10" -9.75209 -12.4575 0.809192320996195 0.161612177678662 0.199720355081597 0.809192320996195 2
"11" -10.895155 -13.111175 0.931034482758621 0.0975319698188342 0.104756560175785 0.931034482758621 2
"12" -9.972275 -15.09728 0.766233766233766 0.275496148514239 0.359545820942312 0.766233766233766 2
"13" -8.247435 -14.804775 0.918650793650794 0.0364777307754964 0.0397079401962208 0.918650793650794 2
"14" -7.93984 -14.49183 0.972972972972973 NA NA 0.972972972972973 1
"15" -7.81569 -14.37982 1 NA NA 1 1
"16" -7.93689 -12.0648 0.846153846153846 NA NA 0.846153846153846 1
"17" -7.938 -11.16941 0.833333333333333 NA NA 0.833333333333333 1
"18" -6.02544 -11.7428 0.902255639097744 0.0637991080769817 0.0707106781186547 0.902255639097744 2
"19" -4.89075 -13.31065 1 NA NA 1 1
"20" -6.30954 -14.25135 0.583333333333333 0.117851130197758 0.202030508910442 0.583333333333333 2
"21" -7.46018 -14.4101 0.98936170212766 NA NA 0.98936170212766 1
"22" -7.6758 -14.38929 0.666666666666667 NA NA 0.666666666666667 1
"23" -6.65902 -15.658075 0.744444444444444 0.20427529234278 0.2743996464306 0.744444444444444 2
"24" -5.573255 -16.54593 0.954545454545455 0.0642824346533225 0.0673435029701474 0.954545454545455 2
"25" -6.93023 -17.22057 0.785714285714286 0.303045763365663 0.385694607919935 0.785714285714286 2
"26" -8.44649 -17.05253 0.2 NA NA 0.2 1
"27" -9.58132 -16.4065 0.916666666666667 NA NA 0.916666666666667 1
"28" -10.0646 -13.75044 1 NA NA 1 1
"29" -8.95844 -13.6191 0.904761904761905 NA NA 0.904761904761905 1
"30" -7.85775 -14.40465 0.384615384615385 NA NA 0.384615384615385 1
"31" -8.43464333333333 -17.21055 0.78998778998779 0.106940470279109 0.135369776133833 0.846153846153846 3
"32" -8.43796 -17.16826 0.845238095238095 0.0168358757425369 0.0199185008784943 0.845238095238095 2
"33" -8.43597666666667 -17.01149 0.623333333333333 0.376342043005207 0.603757288243648 0.75 3
"34" -8.43777 -16.96862 0.714285714285714 NA NA 0.714285714285714 1
"35" -8.43467 -16.70311 0.777777777777778 NA NA 0.777777777777778 1
"36" -9.73517333333333 -13.0104333333333 0.9 0.173205080756888 0.192450089729875 1 3
"37" -9.74370333333333 -12.59648 0.729761904761905 0.138151671556089 0.189310610288931 0.714285714285714 3
"38" -9.73981333333333 -12.8286633333333 0.625805391190007 0.157318892487039 0.25138628510037 0.583333333333333 3
"39" -9.72928666666667 -12.80482 0.741732715731686 0.23335576980334 0.314608975516396 0.827586206896552 3
"40" -9.75174666666667 -12.1796 0.583948133243908 0.217097066245553 0.371774570182374 0.704225352112676 3
"41" -9.75208 -12.13363 0.75 NA NA 0.75 1
"42" -9.763895 -11.887235 0.81547619047619 0.143104943811563 0.175486354455056 0.81547619047619 2
"43" -9.75796666666667 -12.0305633333333 0.557886557886558 0.103127645830844 0.184854150674508 0.545454545454545 3
"44" -6.050155 -12.304805 0.96 0.0565685424949238 0.0589255650988789 0.96 2
"45" -5.87036 -13.13496 0.545454545454545 NA NA 0.545454545454545 1
"46" -7.90219 -12.62219 0.571428571428571 NA NA 0.571428571428571 1
"47" -9.75681 -12.09253 0.560606060606061 NA NA 0.560606060606061 1
"48" -9.75664 -12.26886 0.818181818181818 NA NA 0.818181818181818 1
"49" -9.7444 -12.71467 0.8 NA NA 0.8 1
"50" -9.74636 -12.81514 0.582677165354331 NA NA 0.582677165354331 1
"51" -7.89796 -14.97971 0.727272727272727 NA NA 0.727272727272727 1
"52" -7.912795 -16.064855 0.940677966101695 0.0838940248865395 0.0891846390685736 0.940677966101695 2
"53" -8.43701 -17.06271 0.671232876712329 NA NA 0.671232876712329 1
"54" -7.28076 -16.540385 0.45 0.0707106781186547 0.157134840263677 0.45 2
"55" -6.98422 -15.32018 0.58908507223114 0.0249700628990434 0.0423878724417003 0.58908507223114 2
"56" -5.92112 -14.551145 0.889233954451346 0.0893033408951954 0.100427272764562 0.889233954451346 2
"57" -5.471535 -13.4077195 0.758333333333333 0.22391714737574 0.2952753591768 0.758333333333333 2
"58" -4.95488 -14.744725 0.865497076023392 0.0330810190028794 0.0382219881722458 0.865497076023392 2
"59" -5.867995 -15.370685 0.366666666666667 0.0471404520791032 0.128564869306645 0.366666666666667 2
"60" -6.87695 -14.501455 0.814814814814815 0.20951312035157 0.25712973861329 0.814814814814815 2
"61" -7.74444 -10.97408 0.909090909090909 NA NA 0.909090909090909 1
"62" -9.33693 -11.29114 0.933333333333333 NA NA 0.933333333333333 1
"63" -11.11619 -13.37633 1 NA NA 1 1
"64" -9.34318 -14.76246 0.925925925925926 NA NA 0.925925925925926 1
"65" -8.75326 -15.741415 0.823809523809524 0.154890056831339 0.188016831991799 0.823809523809524 2
"66" -8.46363 -16.99281 0.5 NA NA 0.5 1
"67" -9.66169666666667 -12.08387 0.613553113553114 0.13947099899997 0.227316911802936 0.571428571428571 3
"68" -9.761115 -12.08195 0.6 0.282842712474619 0.471404520791032 0.6 2
"69" -9.653715 -12.818165 0.761616161616162 0.0228559767656258 0.0300098368673336 0.761616161616162 2
"70" -9.70113333333333 -12.8186533333333 0.785087719298246 0.24837886201347 0.316370841000397 0.842105263157895 3
"71" -9.873595 -12.82001 0.833333333333333 0 0 0.833333333333333 2
"72" -9.77088 -12.8182 0.923076923076923 NA NA 0.923076923076923 1
"73" -9.85232333333333 -12.0872433333333 0.696491228070175 0.359143847034053 0.515647337051411 0.789473684210526 3
"74" 38.50728 -28.198645 0.993421052631579 0.00930403659455986 0.00936565273094768 0.993421052631579 2
"75" 38.53847 -28.289425 0.138461538461538 0.0870285269152674 0.628539361054709 0.138461538461538 2
"76" 38.5533 -28.32433 1 NA NA 1 1
"77" 39.36353 -31.129155 1 0 0 1 2
"78" 39.33108 -31.218555 0.997553017944535 0.00346055520972213 0.00346904389788989 0.997553017944535 2
"79" 39.31471 -31.31164 1 NA NA 1 1
"80" 39.66526 -31.071835 0.928571428571429 0.101015254455221 0.108785658644084 0.928571428571429 2
"81" 39.700885 -31.038065 0.649350649350649 0.110198459405696 0.169705627484771 0.649350649350649 2
"82" 39.639915 -31.12205 0.645833333333333 0.441941738241592 0.68429688501924 0.645833333333333 2
"83" 39.71806 -31.05487 0.889880952380952 0.0210448446781711 0.0236490562269748 0.889880952380952 2
"84" 39.51709 -31.06517 0.998069498069498 NA NA 0.998069498069498 1
"85" 39.3646266666667 -31.87119 0.735269171281744 0.408644390107209 0.555775226363492 0.941176470588235 3
"86" 39.40006 -31.11484 0.516666666666667 0.44783429475148 0.866776054357703 0.516666666666667 2
"87" 38.98766 -29.90332 0.977355901189387 NA NA 0.977355901189387 1
"88" 38.04151 -29.31144 0.8296853625171 0.175083895204877 0.211024447476942 0.8296853625171 2
"89" 38.386805 -28.04529 0.875 0.106066017177982 0.121218305346265 0.875 2
"90" 38.36309 -28.24417 0.714285714285714 0.404061017820884 0.565685424949238 0.714285714285714 2
"91" -34.7565 119.5165 0.625 0.412478955692153 0.659966329107444 0.625 2
"92" -34.7325 119.597 0.443548387096774 0.0798346365855779 0.179990817029303 0.443548387096774 2
"93" -34.656 119.8235 0.242222222222222 0.285985409279893 1.18067370803625 0.242222222222222 2
"94" -34.6505 119.8935 0.492637215528782 0.560384490578897 1.13751960451749 0.492637215528782 2
"95" -34.6175 119.964 0.492260061919505 0.197026657296561 0.400249121426348 0.492260061919505 2
"96" -34.7305 119.5695 0.533333333333333 0.188561808316413 0.353553390593274 0.533333333333333 2
"97" -34.7355 119.5715 0.393241167434716 0.251995043372164 0.640815520450309 0.393241167434716 2
"98" -34.648370505 119.8604015 0.682692307692308 0.376217069477458 0.551078524305009 0.682692307692308 2
"99" -34.76233 119.55999 0.208333333333333 0.176776695296637 0.848528137423857 0.208333333333333 2
"100" -34.77073 119.391125 0.373529411764706 0.320277777360966 0.857436569312821 0.373529411764706 2
"101" -34.7239492375 119.6830905 0.943209485001089 0.0414770188551413 0.0439743445276034 0.954980842911877 4
"102" -34.64544626 119.992836 0.759157509157509 0.106893409463075 0.140805311379587 0.756410256410256 4
"103" -34.7698717775 119.54726875 0.76199494949495 0.344733967748377 0.452409780375666 0.898989898989899 4
"104" -34.685338 119.8649975 0.742063492063492 0.334700521967612 0.451040275592717 0.859126984126984 4
"105" -34.79653398 119.446131 0.563394563634241 0.470850191468494 0.835737903523991 0.624026696329255 4
"106" -5.11955 72.2674 0.857142857142857 NA NA 0.857142857142857 1
"107" -5.34823333333333 72.01265 1 0 0 1 2
"108" -5.35899166666667 72.0042583333333 0.85 0.212132034355964 0.249567099242311 0.85 2
"109" -5.55676666666666 71.8415916666667 0.764615384615385 0.00652713951864508 0.00853650037649759 0.764615384615385 2
"110" -5.38089166666667 72.3090083333334 0.985094037615046 0.00664946352856499 0.00675007996664321 0.985094037615046 2
"111" -5.25192083333333 72.396025 0.980762572083302 0.0160931806993222 0.0164088446657764 0.977918586789555 4
"112" -5.27161666666667 72.280675 0.961538461538462 0.0543928293220421 0.0565685424949238 0.961538461538462 2
"113" -5.29013333333333 72.288725 0.928724049697961 0.0923310709033055 0.0994171206542281 0.928724049697961 2
"114" -5.354925 72.2963333333334 0.979545454545454 0.00321412173266611 0.00328123796374266 0.979545454545454 2
"115" -7.14475555555555 72.1275222222222 0.700254175744372 0.0515572098318349 0.0736264225443989 0.703703703703704 3
"116" -7.14400555555555 72.1248777777778 0.517450142450142 0.119449668351535 0.23084285528638 0.538461538461538 3
"117" -7.13930666666667 72.1110133333333 0.636144049187527 0.255259962681705 0.401261259942176 0.727272727272727 3
"118" -7.1576525 72.126655 0.682510442773601 0.261999179403838 0.383875707951251 0.698830409356725 4
"119" -5.5335675 71.9853575 0.978039217360273 0.0236323788671824 0.0241630176456177 0.988518868020253 4
"120" -5.525265 71.9892375 0.982925821460785 0.00296763979404429 0.00301918998285537 0.982585636738005 4
"121" -5.4202875 72.35533 0.863391518094918 0.207040598534006 0.239799203715649 0.959078820116054 4
"122" -5.4296125 72.3582525 0.954234840781547 0.0767803020339307 0.080462689845872 0.988887528119581 4
"123" -6.5941225 71.3118225 0.690625 0.218273290089893 0.316051822754596 0.63125 4
"124" -6.61068 71.35582 1 NA NA 1 1
"125" -7.1370311 72.1971577225 0.672264957264957 0.338306481296572 0.50323384796515 0.763333333333333 4
"126" -7.133955 72.18445 0.770354645354645 0.158536335981935 0.205796559984331 0.722527472527473 4
"127" -6.38368 73.2999425 0.514518020035212 0.295687876609176 0.574689058682416 0.428215246636771 4
"128" -6.467185 73.3780175 0.92668776371308 0.0862208695650609 0.0930419855978119 0.936708860759494 4
"129" -6.46565 73.37094 0.940536117090374 0.0658550304960436 0.0700186088544601 0.971130713712911 4
"130" -6.37736775 73.2936725 0.911803135888502 0.153510215127563 0.168358946230181 0.982142857142857 4
"131" -7.128381855 72.19523772 0.469629025682837 0.492928086355074 1.04961162832378 0.469629025682837 2
"132" -5.4055725 72.347315 0.884030194645681 0.1407141123712 0.159173423287424 0.946248913178487 4
"133" -5.41507916499999 72.377609165 0.919977267378548 0.0807734630848461 0.0877994119517844 0.931782372423551 4
"134" -5.53256 71.97943 0.931818181818182 0.0964236519799837 0.103479041149251 0.931818181818182 2
"135" -5.510885 71.946835 0.826002037178508 0.309481699355541 0.374674256752055 0.977718360071301 4
"136" -5.66609423 71.33909256 0.911594202898551 0.0635371310631391 0.069698919608213 0.911594202898551 2
"137" -6.6361 71.41415 0.995867768595041 0.00584385769575657 0.00586810606793813 0.995867768595041 2
"138" -6.599195 71.3362825 0.902867965367965 0.108464291972101 0.120133060572036 0.930735930735931 4
"139" -6.32385791 72.19030141 0.658264915161467 0.300078321779831 0.455862548448636 0.757142857142857 4
"140" -7.1709757 72.1095283 0.666091363102233 0.194569048077917 0.292105646246091 0.753378378378378 4
"141" 10.25884 -109.23668 0.857142857142857 NA NA 0.857142857142857 1
"142" 10.276105 -109.23381 0.896321070234114 0.0378384899631598 0.0422153302200925 0.896321070234114 2
"143" 10.26552 -109.20963 0.387254901960784 0.159445646738143 0.411733062463053 0.387254901960784 2
"144" 10.33003 -109.18238 0.993055555555556 0.00982092751647979 0.00988960533128035 0.993055555555556 2
"145" 10.34093 -109.21407 0.95 NA NA 0.95 1
"146" 10.319855 -109.259435 0.938636363636364 0.0546400694553241 0.0582121805335172 0.938636363636364 2
"147" 10.2867 -109.177565 0.734587251828631 0.161075525912923 0.21927351109341 0.734587251828631 2
"148" 10.276175 -109.185675 0.565151515151515 0.284985460296396 0.504263817146439 0.565151515151515 2
"149" 10.3326 -109.24831 1 0 0 1 2
"150" 10.26604 -109.20335 0.733333333333333 NA NA 0.733333333333333 1
"151" -12.07391 96.82103 0.211805555555556 NA NA 0.211805555555556 1
"152" -12.0888905 96.91762052 0.432400932400932 0.567004038993409 1.31129235972061 0.432400932400932 2
"153" -12.163747475 96.799334515 0.74780701754386 0.238803605927036 0.319338546342312 0.74780701754386 2
"154" -12.15867567 96.783529 0.996395446120022 0.00100285896965443 0.00100648690593637 0.99618320610687 3
"155" -12.222471005 96.83011052 0.944444444444444 0.0785674201318387 0.0831890330807703 0.944444444444444 2
"156" -12.22686551 96.943326475 0.477777777777778 0.109994388184574 0.230220812479341 0.477777777777778 2
"157" -12.04857849 96.87932901 0.662962962962963 0.371885788624036 0.560945044293239 0.662962962962963 2
"158" -12.045068485 96.768031 0.606783606284812 0.550683874482964 0.907545735875541 0.606783606284812 2
"159" -12.099168475 96.819401965 0.792341220423412 0.229391427769733 0.289510910018225 0.792341220423412 2
"160" -12.111864 96.79871798 0.992337164750958 NA NA 0.992337164750958 1
"161" -12.13574601 96.857893465 0.72463768115942 0.0819833949201795 0.113137084989848 0.72463768115942 2
"162" -12.20127602 96.81281903 0.382352941176471 NA NA 0.382352941176471 1
"163" -26.16039 113.132706666667 0.802380952380952 0.053611096424751 0.0668150163157134 0.8 3
"164" -26.1576 113.13205 0.9375 NA NA 0.9375 1
"165" -26.109422 113.190096 0.619955044955045 0.218127956276988 0.351844795928397 0.692307692307692 5
"166" -26.14763 113.1799 0.714285714285714 NA NA 0.714285714285714 1
"167" -12.171343995 143.317398 0.572916666666667 0.338821999318554 0.591398398810567 0.572916666666667 2
"168" -11.908617985 143.312518 0.5625 0.0883883476483184 0.157134840263677 0.5625 2
"169" -11.505527015 143.2237025 0.463636363636364 0.37283812098927 0.804160653114113 0.463636363636364 2
"170" -11.246435005 143.0812905 0.692105263157895 0.0111648439134718 0.0161317136392368 0.692105263157895 2
"171" -9.918504506 143.409428 0.822916666666667 0.191508086571357 0.232718687479117 0.822916666666667 2
"172" -9.883151504 143.448265 0.681818181818182 0.0642824346533225 0.0942809041582063 0.681818181818182 2
"173" -10.71990699 143.939306 0.697115384615385 0.101986554978829 0.146297954728251 0.697115384615385 2
"174" -10.681483185 143.9159045 0.638888888888889 0.196418550329597 0.307437730950673 0.638888888888889 2
"175" -10.021545 143.623545 0.989247311827957 0.015206597444872 0.0153718865475336 0.989247311827957 2
"176" -10.01426 143.741445 0.994090471061731 0.00362752472634104 0.00364908912411834 0.994090471061731 2
"177" -10.247675 143.690246 0.994565217391304 NA NA 0.994565217391304 1
"178" -11.573815005 143.138508 1 0 0 1 2
"179" -11.546931515 143.2794495 0.199270833333333 0.0387435590525129 0.194426642396301 0.199270833333333 2
"180" -11.621421995 143.102759 0.390699622957688 0.387235016492273 0.991132301487299 0.390699622957688 2
"181" -12.18018351 143.306285 0.392992424242424 0.172759043130804 0.439598914568986 0.392992424242424 2
"182" -12.175106965 143.322778 0.538928571428571 0.0297995000642903 0.0552939696355287 0.538928571428571 2
"183" -13.47398797 143.912321 0.56413612565445 0.0907021787385886 0.160780660223391 0.56413612565445 2
"184" -21.5130555555556 -135.657777777778 1 NA NA 1 1
"185" -21.8483333333333 -135.574166666667 0.333333333333333 NA NA 0.333333333333333 1
"186" -21.5919444444444 -136.3975 0.428571428571429 NA NA 0.428571428571429 1
"187" -21.5061111111111 -136.6625 0.857142857142857 NA NA 0.857142857142857 1
"188" -22.0005555555556 -136.382777777778 0.333333333333333 NA NA 0.333333333333333 1
"189" -19.8130555555556 -140.68 0.714285714285714 NA NA 0.714285714285714 1
"190" -19.2441666666667 -140.876944444444 0.952380952380952 NA NA 0.952380952380952 1
"191" -18.9758333333333 -141.973055555556 0.904761904761905 NA NA 0.904761904761905 1
"192" -21.516417 -135.6545 1 NA NA 1 1
"193" -21.595467 -135.53878 0.5 NA NA 0.5 1
"194" -21.461354 -136.342433 0.428571428571429 NA NA 0.428571428571429 1
"195" -21.325567 -136.504967 0.857142857142857 NA NA 0.857142857142857 1
"196" -20.784542 -138.574208 0.4 NA NA 0.4 1
"197" -19.610733 -140.429925 0.714285714285714 NA NA 0.714285714285714 1
"198" -19.115467 -140.731071 0.952380952380952 NA NA 0.952380952380952 1
"199" -18.721617 -141.8735 0.8 NA NA 0.8 1
"200" -34.0939698166667 114.772270333333 0.37037037037037 0.204959094583956 0.55338955537668 0.3 6
"201" -34.0170376533333 114.803097 0.686965811965812 0.362368530952142 0.527491360763927 0.875 3
"202" -33.9781463233333 114.796186666667 0.408419599723948 0.206030807946906 0.504458669677369 0.434782608695652 3
"203" -33.9669919783333 114.723315333333 0.585978835978836 0.315400326973743 0.538245253255417 0.746031746031746 6
"204" -34.0902057755738 114.8625257425 0.659730167810831 0.404656410113374 0.613366539620489 0.833333333333333 4
"205" -34.1001817993819 114.705724004655 0.156422911630406 0.152546524466825 0.975218546163239 0.104166666666667 5
"206" -33.9601218234747 114.731060662306 0.735718599033816 0.370823384329251 0.504028829522912 0.885416666666667 6
"207" -33.9706884906627 114.85488000093 0.620833333333333 0.204294177868854 0.329064447573994 0.625 4
"208" -33.904160989914 114.807219263166 0.906781226903178 0.0942895441081364 0.103982682162656 0.904471544715447 4
"209" -34.1076087439432 114.697532504797 0.864010989010989 0.0346505408237917 0.0401042825432756 0.870879120879121 4
"210" -34.059192482382 114.86763917841 0.733333333333333 0.32659863237109 0.445361771415123 0.8 6
"211" -33.9656870090402 114.760852754116 0.763392857142857 0.114225244419021 0.149628390350062 0.785714285714286 4
"212" -34.0513299638405 114.749345029704 0.838095238095238 0.0404061017820884 0.0482118259899919 0.838095238095238 2
"213" -33.53688902 115.311944 0.4 NA NA 0.4 1
"214" -33.461075 115.2766717 0.333333333333333 NA NA 0.333333333333333 1
"215" -33.510995 115.2481117 0.153846153846154 NA NA 0.153846153846154 1
"216" -33.5118442725 115.30219075 0.504166666666667 0.251799082162302 0.499436196024401 0.533333333333333 4
"217" -33.3985419933333 115.178427666667 0.694126984126984 0.300566610297953 0.433013868025864 0.716666666666667 6
"218" -33.48137135 115.119706666667 0.748232323232323 0.305272324695972 0.407991362064141 0.875 3
"219" -33.46536 115.37729 0.307407407407407 0.167159764391063 0.543772727537193 0.222222222222222 3
"220" -33.381135 115.3811 0.551282051282051 0.308226032824905 0.559107687449828 0.551282051282051 2
"221" -33.5403280332684 115.386014990508 0.150684931506849 NA NA 0.150684931506849 1
"222" -33.5432416386902 115.201129317283 0.52797619047619 0.308553309102047 0.58440762039621 0.571428571428571 3
"223" -0.734922252595425 -89.494264984969 0.716848513598988 0.210714622980665 0.293945818374872 0.765686274509804 4
"224" -0.777922002598643 -89.5471409847959 0.594242424242424 0.205409845857064 0.345666747235243 0.59 4
"225" -0.740800250787288 -89.5592742506414 0.989110707803993 0.0131082569147129 0.0132525680000125 0.991379310344828 4
"226" -0.794771332293749 -89.5005736593157 0.472222222222222 0.127293769304329 0.269563276173873 0.5 3
"227" -0.72632925119251 -89.5226287376135 0.85726036355462 0.0953626221671311 0.11124114238959 0.902832415420928 4
"228" -0.778152404353023 -89.568891596049 0.669397852976742 0.380725390551865 0.568758009693067 0.794117647058823 5
"229" -0.713977664709091 -89.233373994939 0.500342307504796 0.327171148937262 0.653894631794906 0.56584937283737 6
"230" -0.690495986491442 -89.32746341452 0.854245856407839 0.218600088612677 0.255898330642077 0.956521739130435 5
"231" -0.747683658264577 -89.5041919872164 0.79567909594318 0.229126961844887 0.287964033506856 0.867788461538462 6
"232" -0.680045513436198 -89.2888369853608 0.568491554054054 0.360220972621806 0.633643490484565 0.678378378378378 4
"233" -0.7520592212677 -89.3710449943319 0.838864468864469 0.16199392569079 0.193110963336037 0.901538461538462 4
"234" 4.02133 -81.621705 0.542124542124542 0.0414421556739369 0.0764439763444916 0.542124542124542 2
"235" 3.99816083333334 -81.5752091666667 0.936688311688312 0.0390286210395173 0.0416666040907151 0.936688311688312 2
"236" 3.962915 -81.61544 0.944297082228117 0.0300098368673336 0.031780080053328 0.944297082228117 2
"237" 4.000365 -81.68782 0.997049068383572 0.000448365435344086 0.000449692447003618 0.997049068383572 2
"238" 4.07661 -81.586815 0.794642857142857 0.113642161262124 0.143010360239976 0.794642857142857 2
"239" 3.990165 -81.60297 0.858333333333333 0.153206469257085 0.17849297389175 0.858333333333333 2
"240" 4.01563 -81.6145866666666 0.653991841491842 0.403619517582881 0.61716292463553 0.653991841491842 2
"241" 3.98082666666667 -81.585065 0.8 NA NA 0.8 1
"242" 4.02138333333333 -81.5849666666667 0.967741935483871 NA NA 0.967741935483871 1
"243" 3.8907 72.69769 0.994897959183674 0.00721537531823009 0.00725237724293896 0.994897959183674 2
"244" 5.05391 72.81078 1 NA NA 1 1
"245" 5.43379 72.854925 0.75 0.196418550329596 0.261891400439462 0.75 2
"246" 6.93414 72.898595 0.999306518723994 0.000980730625778845 0.000981411216081259 0.999306518723994 2
"247" 6.37256 72.59395 0.99875 0.00176776695296633 0.00176997942725039 0.99875 2
"248" 5.88205 73.12102 1 0 0 1 2
"249" 5.35442 73.33559 0.845588235294118 NA NA 0.845588235294118 1
"250" 3.482585 73.26868 0.733870967741935 0.330743494425966 0.450683442954063 0.733870967741935 2
"251" 3.019685 73.37554 0.411111111111111 0.54997194092287 1.3377695860286 0.411111111111111 2
"252" 2.27034 72.92696 0.901329243353783 0.0961607381368208 0.106687693587987 0.901329243353783 2
"253" 1.80758 73.3997 0.0927152317880795 NA NA 0.0927152317880795 1
"254" 1.88111 73.22975 0.997206703910615 0.0039503172133327 0.00396138252765576 0.997206703910615 2
"255" 1.93288 73.23692 1 0 0 1 2
"256" 2.329435 72.8954 0.930085014592057 0.0922352202841988 0.0991685908676358 0.930085014592057 2
"257" 2.510375 72.928645 0.979826546003017 0.00773231397225114 0.00789151304768521 0.979826546003017 2
"258" 2.65639 72.887155 0.552862394957983 0.624029161989368 1.12872419553295 0.552862394957983 2
"259" 2.829705 72.815275 1 0 0 1 2
"260" 2.919615 72.827295 1 0 0 1 2
"261" 3.0496 72.90303 0.871035527537507 0.13276177751643 0.152418326600018 0.871035527537507 2
"262" 3.174325 72.827 0.998550724637681 0.00204958487300445 0.00205255959705815 0.998550724637681 2
"263" 3.65518 72.68728 0.990909090909091 0.0128564869306645 0.0129744363520467 0.990909090909091 2
"264" -19.766370245 115.23965975 0.759988384967199 0.35409059753351 0.465915801527405 0.900297619047619 6
"265" -20.0613476 115.0148826 0.76987444518807 0.289195677907475 0.375640053667229 0.944444444444444 5
"266" -20.2646636375 115.094299625 0.857681700194679 0.119836516651014 0.139721433515269 0.875 4
"267" -20.5024238316667 115.156707833333 0.968650433718253 0.0467646998220536 0.0482782004675753 0.988717532467532 6
"268" -20.17785939 115.422889 0.781968381388111 0.22485686538241 0.287552375178207 0.879756468797565 5
"269" -20.1378876325 115.758740125 0.901450921180669 0.079667420144653 0.0883768802857388 0.902566056910569 4
"270" -19.80213601 115.63709475 0.795365418894831 0.209127149231611 0.262932162077395 0.855882352941177 4
"271" -19.829040035 115.828627625 0.624151646639964 0.270407439557262 0.433239968224011 0.583333333333333 4
"272" -20.23203101 115.759019 0.981308411214953 NA NA 0.981308411214953 1
"273" -12.162536 127.388566 0.9472981987992 NA NA 0.9472981987992 1
"274" -19.1416666666667 163.667666666667 0.652173913043478 NA NA 0.652173913043478 1
"275" -18.8775083333333 163.564663888889 0.0957588690317418 0.0182953741731382 0.191056706894416 0.0957588690317418 2
"276" -19.0858333333333 163.700116666667 0.209302325581395 NA NA 0.209302325581395 1
"277" -19.0994666666667 163.659883333333 0.444444444444444 NA NA 0.444444444444444 1
"278" -19.4338333333333 163.222266666667 0.309734513274336 NA NA 0.309734513274336 1
"279" -19.2414666666667 163.14325 0.333333333333333 NA NA 0.333333333333333 1
"280" -22.41605 166.2475 1 NA NA 1 1
"281" -22.507 166.38685 0.9375 NA NA 0.9375 1
"282" -22.87835 166.7725 0.862745098039216 NA NA 0.862745098039216 1
"283" -22.37285 166.2368 0.82 NA NA 0.82 1
"284" -21.9122 165.73 0.872340425531915 NA NA 0.872340425531915 1
"285" -20.4857 163.9555 0.932432432432432 NA NA 0.932432432432432 1
"286" -20.17855 164.5345 0.838709677419355 NA NA 0.838709677419355 1
"287" -20.3367 164.6872 1 NA NA 1 1
"288" -20.9317 165.5495 0.958333333333333 NA NA 0.958333333333333 1
"289" -21.5692 166.4263 0.444444444444444 NA NA 0.444444444444444 1
"290" -22.6572 167.03245 1 NA NA 1 1
"291" -21.4269 164.9225 0.2 NA NA 0.2 1
"292" -21.06 164.5653 0.75 NA NA 0.75 1
"293" -20.2558 163.833075 1 NA NA 1 1
"294" -19.6355 163.3037 0.941176470588235 NA NA 0.941176470588235 1
"295" -18.26265 163.01865 0.466666666666667 NA NA 0.466666666666667 1
"296" -18.28 163.0883 0.928571428571429 NA NA 0.928571428571429 1
"297" -18.053 162.8937 0.647058823529412 NA NA 0.647058823529412 1
"298" -18.1443 162.805 0.666666666666667 NA NA 0.666666666666667 1
"299" -18.2043 162.971 0.925925925925926 NA NA 0.925925925925926 1
"300" -19.7132 163.9475 0.806451612903226 NA NA 0.806451612903226 1
"301" -21.929 166.9153 0.722222222222222 NA NA 0.722222222222222 1
"302" -22.0185 165.8833 0.833333333333333 NA NA 0.833333333333333 1
"303" -21.95118 113.7077167 1 NA NA 1 1
"304" -21.939425 113.807395 0.76969696969697 0.239987756039071 0.311795116113753 0.76969696969697 2
"305" -21.73273 113.72153 0.91304347826087 NA NA 0.91304347826087 1
"306" -21.8800033333333 113.292075666667 0.929854096520763 0.0602621493093549 0.0648081774708934 0.944444444444444 3
"307" -21.53996 113.75974 0.973684210526316 NA NA 0.973684210526316 1
"308" -21.834205 113.85857 0.849378881987578 0.090035335492697 0.106001382188843 0.849378881987578 2
"309" -21.8609233333333 113.35618 0.865680615680616 0.120177166422227 0.13882390831605 0.857142857142857 3
"310" -21.8254666666667 113.585573333333 0.882383966244726 0.114103380890917 0.129312618152527 0.875 3
"311" -22.03185 113.759525 0.977314814814815 0.0351486164742635 0.0359644773019466 0.991666666666667 4
"312" -21.593 114.2342 0.830209254347185 0.0841090191626971 0.101310625872069 0.872679045092838 3
"313" -21.9555762775 113.8105855 0.93720817159711 0.0692335404945409 0.073872105037837 0.950687529634898 4
"314" -21.84786302 113.81779375 0.94512978863506 0.0501893390825648 0.053103118414083 0.954761904761905 4
"315" -21.67067204 114.138769 0.738095238095238 NA NA 0.738095238095238 1
"316" -21.7646407375 113.82997975 0.879046677959721 0.111941930722107 0.12734469457518 0.888528138528139 4
"317" -21.62192249 114.24544075 0.65625 0.21638603620998 0.32973110279616 0.7 4
"318" -22.0051986516667 113.793519 0.667856561001722 0.330554079576299 0.494947716139075 0.720564516129032 6
"319" -21.8449449933333 113.826841833333 0.769684397951998 0.208016044004878 0.270261479326298 0.763403263403263 6
"320" -21.7326800125 113.90505125 0.63968058968059 0.348731289254223 0.545164719517837 0.679361179361179 4
"321" -19.94621 -167.72925 0.2 NA NA 0.2 1
"322" -20.01363 -167.70233 0.2 NA NA 0.2 1
"323" -19.97875 -167.80974 0.9375 NA NA 0.9375 1
"324" -19.1748 -169.9436 0.166666666666667 NA NA 0.166666666666667 1
"325" -19.07474 -169.99626 0.666666666666667 NA NA 0.666666666666667 1
"326" -19.01975 -169.73619 0.5 0.424264068711929 0.848528137423857 0.5 2
"327" -18.99611 -169.97144 0.6 NA NA 0.6 1
"328" -19.96727 -167.80624 0.166666666666667 NA NA 0.166666666666667 1
"329" -20.08192 -167.76917 0.2 NA NA 0.2 1
"330" -13.86302596 125.734703 0.7 NA NA 0.7 1
"331" -13.92616147 125.700389 0.841566690190543 0.211084099112145 0.250822782760511 0.841566690190543 2
"332" -13.930257035 125.6007885 0.991666666666667 0.0117851130197758 0.0118841475829672 0.991666666666667 2
"333" -13.958668505 125.608279 0.841354723707665 0.0529384755968538 0.0629205186649046 0.841354723707665 2
"334" -13.712167 125.765566 0.719230769230769 0.255646297813598 0.355444050436019 0.719230769230769 2
"335" -13.912928315 125.86352435 0.761904761904762 0.134687005940295 0.176776695296637 0.761904761904762 2
"336" -13.49541448 125.747444 0.8 0.282842712474619 0.353553390593274 0.8 2
"337" -13.79190153 125.9338615 0.732142857142857 0.0252538136138053 0.0344930137164169 0.732142857142857 2
"338" -12.18591698 122.953391 0.956521739130435 0.0614875461901345 0.0642824346533225 0.956521739130435 2
"339" -12.13074549 123.029237 0.971698113207547 0.0400249121426348 0.0411906862827115 0.971698113207547 2
"340" -12.11119449 123.128013 0.985294117647059 0.0207972582701926 0.0211076651100462 0.985294117647059 2
"341" -12.133804465 123.2033675 0.964285714285714 0.0505076272276105 0.0523782800878924 0.964285714285714 2
"342" -12.27530151 122.9511595 0.937596899224806 0.00602959270779226 0.00643090086238282 0.937596899224806 2
"343" -12.167247465 122.982898 0.96 0.0565685424949238 0.0589255650988789 0.96 2
"344" -12.32578052 123.0548085 0.9 0.141421356237309 0.157134840263677 0.9 2
"345" -12.341250495 123.1870275 0.751893939393939 0.291949390717173 0.388285335764905 0.751893939393939 2
"346" -14.018893505 125.48100875 0.970480225988701 0.0400303517263837 0.0412479828587974 0.983333333333333 4
"347" -13.8497167525 125.49624025 0.715312207322036 0.313303216564341 0.437995064752601 0.82058706637143 4
"348" -13.86265527 125.959985 0.944580200501253 0.0147090163906177 0.015572014300969 0.940350877192982 4
"349" -13.705962255 125.6841045 0.641278168422267 0.325955316138321 0.508290055999047 0.70788101216921 4
"350" -13.985646255 125.921166125 0.882526327838828 0.130123875720481 0.147444752202617 0.93452380952381 4
"351" -13.8833280175 125.888107 0.77824557795146 0.33149206073775 0.425947888596195 0.934545454545455 4
"352" -12.227075015 122.9283715 0.677380952380952 0.276856749717152 0.408716467069257 0.654761904761905 4
"353" -12.16275975 122.98461825 0.704613095238095 0.180403547778364 0.256032067807942 0.69047619047619 4
"354" -12.12606225 123.03478225 0.699702380952381 0.220929577281798 0.315747928399337 0.761904761904762 4
"355" -12.338304505 123.0844575 0.858333333333333 0.0957427107756338 0.11154490575802 0.816666666666667 4
"356" -12.33072251 123.19669775 0.461309523809524 0.23994814727079 0.520145661180552 0.464285714285714 4
"357" -12.1332082625 123.17301225 0.563888888888889 0.330029927561759 0.585274748385385 0.527777777777778 4
"358" 8.727275 -83.906755 0.45 0.0707106781186547 0.157134840263677 0.45 2
"359" 8.64932 -83.9425 0.802083333333333 0.191508086571357 0.238763328712341 0.802083333333333 2
"360" 8.762695 -83.86199 0.7 0.14142135623731 0.202030508910442 0.7 2
"361" 8.718115 -83.833645 0.0983608005228481 0.0556687496466967 0.565964788317938 0.0983608005228481 2
"362" 8.32783 -83.24517 0.753205128205128 0.276496882387047 0.36709373321174 0.753205128205128 2
"363" 8.47002 -83.69212 0.725 0.0353553390593274 0.0487659849094171 0.725 2
"364" 8.64955 -83.780045 0.346774193548387 0.216694013589426 0.624885062443926 0.346774193548387 2
"365" 8.649975 -83.844915 0.513392857142857 0.423001378031238 0.823933118947803 0.513392857142857 2
"366" 8.69462 -83.83791 0.780555555555556 0.192490179323005 0.246606635431607 0.780555555555556 2
"367" 8.706375 -83.963945 0.154124149659864 0.0706505499910028 0.45840025814852 0.154124149659864 2
"368" 8.45825 -83.81287 0.956521739130435 NA NA 0.956521739130435 1
"369" 8.7057 -83.91985 0.982608695652174 NA NA 0.982608695652174 1
"370" 8.31885 -83.281675 0.882510524301569 0.123939879748733 0.140440115257346 0.882510524301569 2
"371" 8.35106 -83.512605 0.401190476190476 0.0218866384652979 0.0545542323764102 0.401190476190476 2
"372" 8.39729 -83.7439 0.652919062361787 0.299449245018186 0.458631493978743 0.652919062361787 2
"373" 8.50122 -83.96677 0.625694444444444 0.0893704403999664 0.142834000195285 0.625694444444444 2
"374" 8.69031 -84.1232 0.867690956979807 0.0872864033668381 0.100596188844307 0.867690956979807 2
"375" 8.866665 -84.24423 0.572115108739313 0.025420462409673 0.0444324263096083 0.572115108739313 2
"376" 7.27037 134.56151 1 NA NA 1 1
"377" 7.26703 134.58109 0.9875 NA NA 0.9875 1
"378" 7.257735 134.554555 0.774509803921569 0.152513227314745 0.19691581248233 0.774509803921569 2
"379" 7.05437 134.37752 0.875 NA NA 0.875 1
"380" 7.18674 134.178125 0.794059405940594 0.149822624924674 0.188679365553518 0.794059405940594 2
"381" 6.99651 134.305295 0.945531637312459 0.0576571087073179 0.0609785082085674 0.945531637312459 2
"382" 7.014185 134.32737 0.984433520599251 0.0161217697770529 0.0163766972981976 0.984433520599251 2
"383" 7.10278 134.40523 0.714285714285714 NA NA 0.714285714285714 1
"384" 7.28735 134.22451 0.884615384615385 0.163178487966126 0.184462638570404 0.884615384615385 2
"385" 7.34231 134.61841 0.571428571428571 NA NA 0.571428571428571 1
"386" 7.79388 134.7095 1 NA NA 1 1
"387" 7.845605 134.690665 0.75 0.353553390593274 0.471404520791032 0.75 2
"388" 7.975085 134.48259 0.870588235294118 0.0998268396969243 0.114665964516737 0.870588235294118 2
"389" 7.629185 134.67785 0.870445344129555 0.0343533658876056 0.0394664249964585 0.870445344129555 2
"390" 7.31321 134.63567 0.970149253731343 NA NA 0.970149253731343 1
"391" 7.64645 134.48156 0.975282677521484 0.0178135901004481 0.0182650533132797 0.975282677521484 2
"392" 7.794785 134.50926 0.933333333333333 0.0942809041582063 0.101015254455221 0.933333333333333 2
"393" 7.54665 134.354795 0.97239263803681 0.0390427057096867 0.0401511736951352 0.97239263803681 2
"394" -31.9351 115.11775 1 0 0 1 2
"395" -31.9426 115.098 0.942307692307692 0.0815892439830632 0.0865845038187609 0.942307692307692 2
"396" -31.9556 115.10225 0.895833333333333 0.0294627825494395 0.0328886874970487 0.895833333333333 2
"397" -31.93956667 115.094675 0.85 0.0235702260395516 0.0277296776935901 0.85 2
"398" -31.97643333 115.1115333 0.8 NA NA 0.8 1
"399" -31.97927222 115.128927766667 0.882051282051282 0.104720912085447 0.118724289864315 0.846153846153846 3
"400" -31.954996 115.056952 0.4375 NA NA 0.4375 1
"401" -31.9584233333333 115.0721722 0.796581196581197 0.128239311682127 0.160987118742584 0.8 3
"402" -31.94484167 115.1143667 0.3 0.14142135623731 0.471404520791032 0.3 2
"403" -31.95270667 115.060984 0.842592592592593 0.137024523953229 0.162622511944492 0.777777777777778 3
"404" -31.9623947375 115.10996975 0.83423645320197 0.1957484067552 0.234643794338976 0.882758620689655 4
"405" -31.946433 115.137472 0.706818181818182 0.221774399553963 0.313764423806249 0.706818181818182 2
"406" -31.90928503 115.075128 1 NA NA 1 1
"407" -31.990203335 115.23311 0.468137254901961 0.516465247043116 1.10323466384079 0.468137254901961 2
"408" -32.000991665 115.18168335 0.551948051948052 0.37651140296946 0.682150071262317 0.551948051948052 2
"409" -31.958622 115.1333385 0.360714285714286 0.304870392396903 0.845185246248841 0.25 4
"410" -31.994654 115.061218 0.385714285714286 0.262639661583575 0.680917641142601 0.385714285714286 2
"411" -31.9699600066667 115.175070666667 0.815759637188209 0.212662117543995 0.260692130192916 0.916666666666667 3
"412" -31.9846 115.1117 0.619791666666667 0.171302708838931 0.276387563840964 0.633333333333333 4
"413" -31.998375 115.0283 0.931944444444444 0.078616509433805 0.0843575063969294 0.933333333333333 4
"414" -31.9597 115.162175 0.995 0.01 0.0100502512562814 1 4
"415" -32.00605 115.133525 0.925925925925926 0.148148148148148 0.16 1 4
"416" -31.9477869942784 115.09834553115 0.935595238095238 0.109768231405313 0.117324487060011 0.969642857142857 6
"417" -31.9569519907235 115.212467245291 0.562258771929825 0.406326358924584 0.722667887474591 0.570833333333333 4
"418" -32.0131560182198 115.09690683335 0.575869963369963 0.260597648539245 0.452528635135335 0.55 6
"419" -31.9191089761443 115.085926009342 0.253739316239316 0.276808384104785 1.09091641061928 0.132478632478633 4
"420" -33.9434425 124.193206 0.94136077122729 0.0572141196682615 0.06077810061457 0.949388209121246 4
"421" -33.7757925 124.2425965 0.986585212179775 0.0203868175214459 0.0206640209783836 0.994909554794333 4
"422" -33.7308225 124.371545 0.849045131393755 0.116307668688405 0.136986438515323 0.838064007454396 4
"423" -33.79663 124.34919625 0.725147525017187 0.317429851804135 0.43774520473832 0.762795050034375 4
"424" -33.822425 124.30303075 0.940094670406732 0.0938723859158203 0.0998541837017397 0.980189340813464 4
"425" -33.887005 124.2678465 0.995379537953795 0.00653432009017275 0.00656465181472925 0.995379537953795 2
"426" -34.2344125 123.2779125 0.816964285714286 0.366071428571429 0.448087431693989 1 4
"427" -34.1054375 123.329465 0.858974358974359 0.229877193295399 0.267618225030464 0.958333333333333 4
"428" -34.2001025 123.129921 0.884627525252525 0.123670117389609 0.13979908363614 0.913194444444444 4
"429" -34.2367833333333 123.420191666667 0.633832565284178 0.341244032190583 0.538381981111347 0.654761904761905 4
"430" -34.34475 123.61882825 0.847699175824176 0.163126807172429 0.192434783263566 0.897321428571429 4
"431" -34.31131 123.5131455 0.833333333333333 0.0785674201318386 0.0942809041582063 0.833333333333333 2
"432" -27.58449498564 -144.394322996959 0.894736842105263 NA NA 0.894736842105263 1
"433" -27.5787830119952 -144.406045004725 0.592436974789916 0.172320139953024 0.290866619211488 0.592436974789916 2
"434" -27.6030289661139 -144.28416701965 0.793103448275862 NA NA 0.793103448275862 1
"435" -27.6288079703227 -144.291879502124 0.666666666666667 0.471404520791032 0.707106781186548 0.666666666666667 2
"436" -27.5483675161376 -144.286585994996 0.462121212121212 0.524973216335467 1.13600761567675 0.462121212121212 2
"437" -27.8955189976841 -143.525002039968 0.866666666666667 NA NA 0.866666666666667 1
"438" -27.5652140099555 -144.287312999367 0.96551724137931 NA NA 0.96551724137931 1
"439" -27.886479338631 -143.492061691358 0.810181921585054 0.108143618050916 0.133480660540218 0.772151898734177 3
"440" -27.9214439727365 -143.469953974708 0.333333333333333 NA NA 0.333333333333333 1
"441" -27.6536330301314 -144.418658008798 0.785714285714286 NA NA 0.785714285714286 1
"442" -34.0948725 122.02994325 0.999692118226601 0.000615763546798043 0.000615953187557759 1 4
"443" -34.1209375 121.87280525 0.912854606231974 0.0659878479523865 0.0722873582516795 0.9293843485801 4
"444" -34.0735125 122.25125625 0.94035855326515 0.0707715885590813 0.0752602167687478 0.953211776039896 4
"445" -34.6235725 122.03125825 0.762045474850353 0.24204723921234 0.317628340040825 0.823809523809524 4
"446" -34.119605 122.1065585 0.947226411932294 0.00855590910032996 0.00903259135572068 0.947226411932294 2
"447" -34.6249475 121.8710225 0.969907407407407 0.0541884255125909 0.0558696893113109 0.99537037037037 4
"448" -14.7189102625 118.802676 1 0 0 1 4
"449" -15.40050402 118.66302575 0.900316455696203 0.199367088607595 0.221441124780316 1 4
"450" -15.326347445 118.015576 0.989795918367347 0.0204081632653061 0.020618556701031 1 4
"451" -17.16384801 119.328894 0.4 NA NA 0.4 1
"452" -17.23418165 119.224585 0.648148148148148 0.13981174880131 0.21570955529345 0.666666666666667 3
"453" -17.0649356566667 119.441743666667 0.683531746031746 0.121417385883819 0.17763240198968 0.666666666666667 3
"454" -16.9479549933333 119.669973 0.831349206349206 0.147774176042583 0.177752230848357 0.875 3
"455" -14.698253695 118.805658166667 0.995398428731762 0.00772700986669292 0.00776273062489952 1 6
"456" -15.0311477225 118.8067865 1 0 0 1 4
"457" -15.4526423416667 118.633497166667 0.9857805907173 0.0246080203467248 0.0249629791643786 1 6
"458" -15.2698446866667 118.0168465 0.998427672955975 0.00385139896664022 0.00385746416186327 1 6
"459" -15.6500557625 118.043277625 0.989503860386496 0.0160603735326616 0.0162307335783294 0.995956873315364 4
"460" -15.992216675 118.649854116667 0.973148148148148 0.045868392875929 0.0471340288353981 1 6
"461" -16.2157187675 118.75896025 0.999188311688312 0.00162337662337664 0.00162469536961821 1 4
"462" 18.779595 -110.866505 1 0 0 1 2
"463" 18.72537 -110.885955 0.98780487804878 0.0172465068582085 0.0174594266959642 0.98780487804878 2
"464" 18.75725 -111.07439 0.966666666666667 0.0471404520791032 0.0487659849094171 0.966666666666667 2
"465" 18.81908 -110.891905 0.863636363636364 0.192847303959967 0.223296878269436 0.863636363636364 2
"466" 18.8504 -110.91351 0.95 0.0707106781186547 0.0744322927564787 0.95 2
"467" 19.00979 -112.11451 0.619047619047619 0.0673435029701474 0.108785658644084 0.619047619047619 2
"468" 18.961065 -112.066185 0.789003759398496 0.222632304226968 0.282168876351987 0.789003759398496 2
"469" 19.25546 -110.81699 0.871794871794872 NA NA 0.871794871794872 1
"470" 19.309145 -110.85429 1 0 0 1 2
"471" 19.341165 -110.761725 0.898039215686275 0.0499134198484622 0.0555804456827854 0.898039215686275 2
"472" 19.273715 -110.777785 0.990740740740741 0.0130945700219731 0.0132169491810569 0.990740740740741 2
"473" 19.27048 -110.835945 0.902462121212121 0.00937452172027615 0.0103877176669587 0.902462121212121 2
"474" 19.362765 -110.80969 0.8125 0.265165042944955 0.326356975932253 0.8125 2
"475" -26.30042 113.189625 0.844911937377691 0.0837181218430257 0.0990850266630831 0.844911937377691 2
"476" -26.133715 113.10488 0.897385620915033 0.0120161936672224 0.0133902230960308 0.897385620915033 2
"477" -26.10173 112.920663333333 0.934259259259259 0.0634850359867479 0.067952268449641 0.966666666666667 3
"478" -26.38206 113.146323333333 0.885694774708859 0.0869059357033413 0.0981217663070311 0.84 3
"479" -26.0119566666667 112.962276666667 0.776345070699909 0.165557686775002 0.213252705560099 0.826923076923077 3
"480" -26.23403 113.12229 0.813025210084034 0.0960635262956514 0.11815565508199 0.813025210084034 2
"481" -26.1954632375 113.100079 0.926344086021505 0.0756159147159258 0.0816283234890435 0.933333333333333 4
"482" -26.3709340025 113.09208275 0.854638895587171 0.211348301571857 0.247295439820408 0.949137931034483 4
"483" -26.4490163066667 113.284921 0.875771604938272 0.0613462321305585 0.0700482086706642 0.875 3
"484" -26.22303603 113.185141 0.986301369863014 NA NA 0.986301369863014 1
"485" -26.0728449825 112.980005 0.849114029601834 0.0781988591807094 0.0920946497814649 0.88034188034188 4
"486" -25.8336597475 112.9201075 0.56838768115942 0.334544556261081 0.588585163525471 0.5875 4
"487" -26.2506333333333 113.047683333333 0.766449805728743 0.283071856363291 0.369328629542994 0.86405529953917 6
"488" -26.3423666666667 113.175716666667 0.778497253234095 0.102221002716285 0.131305540631814 0.785087719298246 6
"489" -25.88315 112.95155 0.703301258736041 0.184364987525379 0.262142268672625 0.704261954261954 6
"490" -26.0772 113.02595 0.512254901960784 0.33622234203478 0.656357490670767 0.512254901960784 2
"491" 30.1144166666667 -15.8981666666667 0.95 NA NA 0.95 1
"492" 30.02385 -15.95005 0.5 NA NA 0.5 1
"493" 30.0230333333333 -16.115 0.333333333333333 NA NA 0.333333333333333 1
"494" 30.0777666666667 -15.9855333333333 0.5 NA NA 0.5 1
"495" 30.1212083333333 -15.936375 0.75 0.353553390593274 0.471404520791032 0.75 2
"496" 30.1179916666666 -15.8159333333333 0.5 0 0 0.5 2
"497" 30.0984833333333 -15.8760833333333 0.75 NA NA 0.75 1
"498" 30.1836083333333 -15.8134416666666 0.291666666666667 0.0589255650988789 0.202030508910442 0.291666666666667 2
"499" 30.1789833333333 -15.9253666666667 0.166666666666667 NA NA 0.166666666666667 1
"500" -23.95735 -179.18673 0.666666666666667 NA NA 0.666666666666667 1
"501" -23.922748 -179.186207 0.75 NA NA 0.75 1
"502" -23.91167 -179.14667 0.2 NA NA 0.2 1
"503" -23.648295 -178.9665 0.8 NA NA 0.8 1
"504" -22.338252 -176.243333 0.4 NA NA 0.4 1
"505" -22.32867 -176.1915 0.6 NA NA 0.6 1
"506" -37.02983 -12.30454 0.333333333333333 NA NA 0.333333333333333 1
"507" -37.035455 -12.288745 0.202380952380952 0.185194633167905 0.915079363888473 0.202380952380952 2
"508" -37.13649 -12.395635 0.616666666666667 0.306412938514171 0.496885846239196 0.616666666666667 2
"509" -37.38401 -12.46165 0.375 NA NA 0.375 1
"510" -40.267885 -9.870215 0.9 0.141421356237309 0.157134840263677 0.9 2
"511" -40.33149 -9.85096 0.916666666666667 0.117851130197758 0.128564869306645 0.916666666666667 2
"512" -40.33374 -9.864175 0.333333333333333 0 0 0.333333333333333 2
"513" -37.189045 -12.22264 1 0 0 1 2
"514" -37.31767 -12.61412 0.333333333333333 NA NA 0.333333333333333 1
"515" -37.268225 -12.726535 0.5 0.235702260395516 0.471404520791032 0.5 2
"516" -37.43447 -12.53753 1 NA NA 1 1
"517" -37.459915 -12.460065 0.666666666666667 0.471404520791032 0.707106781186548 0.666666666666667 2
"518" -37.185945 -12.333265 0.917460317460318 0.0853017704288533 0.0929759781490961 0.917460317460318 2
"519" -37.101645 -12.17003 0.99 0.014142135623731 0.0142849854785161 0.99 2
"520" -37.03218 -12.28377 0.875 NA NA 0.875 1
"521" -20.1420333333333 116.213066666667 0.996702658771624 0.00306539795999697 0.00307553906174474 0.996168582375479 3
"522" -20.1583 116.230033333333 0.990740740740741 0.0160375074774896 0.0161873907249428 1 3
"523" -20.1444666666667 116.214466666667 0.970046854082999 0.0261446117290249 0.0269519061053394 0.958333333333333 3
"524" -20.1123 116.4386 0.837209302325581 NA NA 0.837209302325581 1
"525" -20.1259666666667 116.426166666667 0.997175141242938 0.00489279889143749 0.00490665951152655 1 3
"526" -20.1411 116.427933333333 0.968864468864469 0.0291174232519865 0.0300531438479861 0.964285714285714 3
"527" -20.13355 116.4317 0.985285986361123 0.0136842560713745 0.0138886133171481 0.985285986361123 2
"528" -20.147375 116.327675 0.866806361487213 0.040364152819377 0.0465665165979201 0.869976359338061 4
"529" -20.156825 116.20935 0.855087250211089 0.168975496211147 0.197611993594143 0.894385026737968 4
"530" -20.1341666666667 116.211933333333 0.811507936507937 0.176609593741854 0.217631382019302 0.833333333333333 3
"531" -20.1195 116.436866666667 0.937321937321937 0.0569087873374307 0.0607142381624261 0.923076923076923 3
"532" -20.1299333333333 116.428833333333 0.412982875348467 0.429616627686181 1.0402770994407 0.296296296296296 3
"533" -20.1437 116.4412 0.928571428571429 NA NA 0.928571428571429 1
"534" -20.1583970175 116.2354895 0.911749680715198 0.141867920680629 0.155599638454871 0.973499361430396 4
"535" -20.13222199 116.224628 0.875 NA NA 0.875 1
"536" -20.0734522775 116.65488675 0.961444883701577 0.0266509384234289 0.0277196736653509 0.965295279613105 4
"537" -20.115211735 116.46748225 0.753368218773401 0.446173950550648 0.592238880579655 0.968989257522702 4
"538" -20.05738926 116.6313665 0.980601408117383 0.0308709988985214 0.0314816995396625 0.993610223642173 4
"539" -20.119406475 116.4473135 0.879525107045543 0.0316532813688023 0.035989059454062 0.879525107045543 2
"540" -20.13364599 116.435122 0.860044150110375 0.225423822803695 0.262107268301011 0.980132450331126 3
"541" -20.14961 116.403895 0.960526315789474 NA NA 0.960526315789474 1
"542" -20.064225 116.64665 0.897928499305819 0.0890975505769662 0.0992256628961513 0.92948343079922 4
"543" -20.0846 116.6502 0.620320855614973 NA NA 0.620320855614973 1
"544" -20.062 116.6283 0.690027643550564 0.211388416758981 0.30634775104266 0.715249662618084 4
"545" -20.1209 116.429833333333 0.335386044232652 0.574055948456959 1.71162741660993 0.00421940928270042 3
"546" -20.142425 116.42345 0.576984126984127 0.27391417369823 0.474734331306423 0.642857142857143 4
"547" -20.1285 116.4364 0.321951219512195 NA NA 0.321951219512195 1
"548" -20.1212 116.4553 0.993243243243243 NA NA 0.993243243243243 1
"549" -20.0675 116.635925 0.632837165703286 0.412688887130588 0.652124921696022 0.772509003601441 4
"550" -20.1167 116.4391 0.526315789473684 NA NA 0.526315789473684 1
"551" -20.1239 116.4224 0.827380952380952 0.10943319232649 0.132264577775901 0.827380952380952 2
"552" -20.1361333333333 116.426333333333 0.61566687280973 0.0768532415589587 0.124829262305802 0.653061224489796 3
"553" -20.1225 116.4536 0.884615384615385 NA NA 0.884615384615385 1
"554" -20.14746999 116.23392175 0.616666666666667 0.168874268373007 0.273850164929201 0.583333333333333 4
"555" -20.1538163166667 116.353151 0.563492063492063 0.267614528572815 0.47492155774894 0.5 3
"556" -20.144216495 116.198719 0.685814185814186 0.200097597513206 0.291766489600465 0.657342657342657 4
"557" -20.1198063233333 116.442880333333 0.434477124183007 0.180243127201129 0.414850672610346 0.411764705882353 3
"558" -20.1343822575 116.426381 0.595170454545455 0.269942966675447 0.453555724437983 0.666666666666667 4
