"mean lat" "mean long" "mean maturity" "STD" "CV" "median maturity" "string number"
"1" 63.5395285436721 8.38184666989634 0.0357142857142857 0.0944911182523068 2.64575131106459 0 7
"2" 63.5559258474847 8.37984651914606 0 0 NA 0 6
"3" 63.6060058955626 8.43862799457543 0.166666666666667 0.235702260395516 1.4142135623731 0.166666666666667 2
"4" 63.8143381197915 8.82450005508701 0.235615079365079 0.307459667010153 1.30492355514204 0.125 8
"5" 63.6742815050353 8.85331272158093 0.416666666666667 0.117851130197758 0.282842712474619 0.416666666666667 2
"6" 63.736118769131 8.86728180543686 0.166666666666667 0.288675134594813 1.73205080756888 0 3
"7" 63.7915343451178 8.64635960309348 0.139583333333333 0.15531266467846 1.11268774695016 0.1 8
"8" 63.8536190824443 8.54005132475122 0.132478632478632 0.314195711098657 2.3716708515189 0 12
"9" 63.7793290665965 8.63335357329453 0.208829365079365 0.338469616293609 1.62079512220408 0.0972222222222223 8
"10" 63.6644662336475 8.49614109362373 0.333333333333333 0.471404520791032 1.4142135623731 0.333333333333333 2
"11" 63.822268452453 8.84216421564658 0.411402871959595 0.293643145335265 0.713760562576005 0.366666666666667 14
"12" 63.6775430963037 8.84424226173092 0.377380952380952 0.228822406852019 0.606343286295572 0.428571428571429 5
"13" 63.7832658255897 8.92890467139962 0.508116883116883 0.321409531262266 0.632550387404332 0.666666666666667 11
"14" 63.5789449718924 8.60277795509598 0.439880952380952 0.372692664045719 0.847258018398929 0.325 8
"15" 63.6184512120543 8.50692171905428 0.344047619047619 0.349552272747897 1.01599968549562 0.285714285714286 15
"16" 63.6374841892538 8.61216571541016 0.533111625216888 0.325950650163132 0.61141163453437 0.5 13
"17" 64.0066905098137 9.09099548117823 0.453174603174603 0.206237759892417 0.455095582249466 0.4 13
"18" 63.9661153516566 8.99483285083173 0.647785547785548 0.351751553599874 0.543006176661913 0.666666666666667 11
"19" -28.8402046296296 113.921152962963 0.412933038835814 0.250533035415417 0.606715888178256 0.340909090909091 9
"20" -28.8157913580247 113.953825987654 0.275025284042848 0.217920307490423 0.792364630215129 0.212121212121212 27
"21" -22.385435 166.286174 0.261207292191191 0.18826802177541 0.720760971855285 0.252579979360165 10
"22" -22.4766277777778 166.40207 0.406812515859163 0.160015151093735 0.393338810522566 0.436363636363636 9
"23" -20.2163283333333 164.448211666667 0.305748367129946 0.0432118348657701 0.141331367592896 0.291979949874687 6
"24" -19.6126305 163.354239 0.228046936855339 0.0924336030140351 0.405327097520587 0.219030318215986 6
"25" -22.8854042857143 166.969442857143 0.409598214285714 0.425425289442602 1.03864048866641 0.2109375 7
"26" -22.85772625 166.80691625 0.280368662668544 0.154725374431894 0.551864009904746 0.221576227390181 8
"27" -22.6502925 166.919455 0.151055051621326 0.0752710461798236 0.498302078427126 0.137954422137819 4
"28" -21.2213443333333 165.851655666667 0.107407407407407 0.111296142231976 1.03620546215977 0.1 3
"29" -18.044904 162.95260625 0.238607403414706 0.188962316577222 0.791938195852208 0.247058823529412 8
"30" -18.15939 162.828123 0.230435234506951 0.130266531333698 0.565306480202223 0.166666666666667 5
"31" -18.213077 162.987781125 0.202653805070934 0.153687351972677 0.758373877652496 0.158682451082623 8
"32" -21.409529125 164.969004125 0.347810480666655 0.198087326346543 0.569526616814035 0.344924812030075 8
"33" -22.32251 166.257389166667 0.400465892281529 0.278674172972782 0.695874925540158 0.359516214779373 12
"34" -21.8766 165.768819 0.466310076662244 0.341367123915928 0.732060362837036 0.435294117647059 10
"35" -21.62858 166.4047725 0.266885549414972 0.135841266026724 0.508986965852951 0.340579710144928 12
"36" -20.936545 165.503814166667 0.184734436886647 0.12729978601548 0.689096132593791 0.151675485008818 12
"37" -20.38604 164.654478333333 0.326650218225014 0.188411600760611 0.576799249620655 0.361111111111111 12
"38" -20.392296 164.69815825 0.163182741828119 0.0700687252714754 0.42938808654949 0.148871877518131 4
"39" -20.222056125 163.877672875 0.213290208247884 0.156976206721371 0.735974745446048 0.181920702754036 8
"40" -22.3757990909091 166.870741818182 0.399568946138991 0.226584276579994 0.567071787658833 0.306122448979592 11
"41" -19.6754335 163.972125 0.314695685670262 0.0702489697509209 0.223228258122762 0.309090909090909 4
"42" -18.32423 162.961133 0.472222222222222 NA NA 0.472222222222222 1
"43" -18.30566475 162.991985375 0.408971738043736 0.228925078934951 0.559757698734845 0.442156429518338 8
"44" -18.28769175 163.0788335 0.223961245541309 0.176802627567154 0.789434025247652 0.211558854718982 4
"45" -18.4704475714286 163.152607142857 0.357196020353915 0.198296615985155 0.555147887114418 0.350877192982456 7
"46" -22.011176625 165.9420375 0.437791544602803 0.255342879494833 0.583252195349042 0.338308457711443 8
"47" -21.0098121818182 164.605692454545 0.263186749136959 0.144749720878344 0.54998863488761 0.30188679245283 11
"48" -21.981146 166.909882 0.256323824521739 0.134885560635218 0.526231070743788 0.213636363636364 12
"49" -19.6285233333333 -140.436563333333 0.773424045743164 0.073356333796864 0.0948462026757621 0.748618784530387 3
"50" -18.10361 -141.0729775 0.501992863193947 0.191890123859014 0.382256677192793 0.530558968058968 4
"51" -21.993715 -136.189621666667 0.843418976533992 0.0748447794871449 0.0887397385753846 0.867080020794502 6
"52" -21.48572 -135.64531 0.582720863956802 0.110727385564535 0.190017884056308 0.582720863956802 2
"53" -21.481177 -135.6397175 0.371849900822684 0.164839984747166 0.443297105586079 0.349364289662797 4
"54" -21.4466483333333 -136.40201 0.725365377279602 0.235800068073969 0.325077644260206 0.783470661078301 6
"55" -18.718155 -141.871296666667 0.648031076715759 0.175060627483856 0.270142333869339 0.687656024175535 6
"56" -19.121445 -140.7226725 0.537508802863512 0.188798085618121 0.351246499801162 0.56474539206498 4
"57" -21.3287783333333 -136.541251666667 0.58738530299684 0.234371865896678 0.399008733621547 0.590750773993808 6
"58" -20.8002225 -138.5751325 0.472811962937639 0.264206894393319 0.558799089498009 0.397262030713988 4
"59" -21.31713 -136.658393333333 0.725865581229374 0.191547358636953 0.26388819581793 0.81348974677078 6
"60" -19.85418325 165.839171 0.528582820688084 0.135176159065438 0.255733167584736 0.505411255411255 4
"61" -19.87473775 165.5236875 0.341467752926086 0.0473275257778812 0.138600278861839 0.356095679012346 4
"62" -19.764325 165.6009415 0.351516461589624 0.0495685640578184 0.141013492892082 0.353548387096774 4
"63" -19.7171166666667 165.588589 0.282967443249701 0.0905954756975369 0.320162187766569 0.239583333333333 3
"64" -19.8522166666667 165.575489 0.280124223602484 0.15288968436188 0.545792443065691 0.314285714285714 3
"65" -19.86932075 165.8379335 0.381661419976785 0.107829804540452 0.28252738918964 0.377577885037297 4
"66" -20.396167 166.141533 0.27027027027027 NA NA 0.27027027027027 1
"67" -20.3371764 166.1920668 0.365878983172216 0.207694472258411 0.567658930441082 0.438775510204082 5
"68" -19.86354575 158.37995825 0.286830380734301 0.0930866054080948 0.324535375819633 0.271827500883704 4
"69" -19.874561 158.356855333333 0.317946970987339 0.141621770433991 0.445425757616765 0.339805825242718 3
"70" -19.89927075 158.37350025 0.268751374434045 0.110804679939058 0.41229437494933 0.257876969242311 4
"71" -19.892971 158.41104575 0.340393493729326 0.181898797052225 0.534378007814883 0.374437781109445 4
"72" -19.87996675 158.454225 0.584320533769063 0.241978845272146 0.414120044201256 0.527573529411765 4
"73" -19.1287085 163.691008 0.379960962914769 0.0496860978322363 0.130766322548197 0.379960962914769 2
"74" -18.874825 163.437579 0.299844292310925 0.069272092093106 0.23102688251699 0.285233015160022 4
"75" -18.8632 163.425228 0.378393534553851 0.155884805940572 0.411964771344124 0.446808510638298 3
"76" -19.0131335 163.59355 0.329888712241653 0.198979173720221 0.603170603710935 0.329888712241653 2
"77" -19.052575 163.6793165 0.353543307086614 0.0656996851811123 0.185832071670407 0.353543307086614 2
"78" -18.895517 163.4555 0.714285714285714 NA NA 0.714285714285714 1
"79" -19.35715125 163.2046835 0.498465538351618 0.382589559728087 0.767534624345902 0.495832175604335 4
"80" -19.25254175 163.1315875 0.259068278805121 0.136486205425674 0.526834879419347 0.266447368421053 4
"81" -19.444025 163.2503125 0.286901020621951 0.111045938700194 0.387053132329281 0.276190476190476 4
"82" -22.7023666666667 -177.146456666667 0.169411655358305 0.0450752205274647 0.266069181793489 0.169811320754717 3
"83" -22.33246 -176.20284 0.109195402298851 0.0568936490609866 0.521026049295351 0.109195402298851 2
"84" -23.63536 -178.932663333333 0.322942852354617 0.100428635123724 0.310979587848085 0.323529411764706 3
"85" -23.62413 -178.927844285714 0.269546253283922 0.221366111750323 0.821254642026689 0.25 7
"86" -23.649765 -178.893495 0.202380952380952 0.316765111801192 1.5651923171353 0.0714285714285715 4
"87" -23.939985 -179.13223 0.5 0.707106781186548 1.4142135623731 0.5 2
"88" -23.9239883333333 -179.122635 0.242817032672105 0.0837463600992658 0.344894916051277 0.260064412238325 6
"89" -23.9380475 -179.14328 0.26903311965812 0.119191593313505 0.443036877634137 0.239316239316239 4
"90" -23.9381416666667 -179.108635 0.280555555555556 0.278171942563641 0.991503953692186 0.208333333333333 6
"91" -20.5827284774338 115.538545949103 0.203125524765897 0.112833998947715 0.555489021272714 0.147540983606557 13
"92" -20.882095142556 115.51277476855 0.210390077882268 0.144760089988832 0.688055688965702 0.173140954495006 26
"93" -20.8780219158237 115.492201751148 0.326032312829516 0.270599816316351 0.829978519515179 0.234530175706646 30
"94" -20.7993378802972 115.480513159286 0.337414087627042 0.223959550660046 0.663752815524399 0.264367816091954 23
"95" -20.8515599476354 115.482780219669 0.296319135589043 0.220623888687953 0.744548232598553 0.22 27
"96" -20.8708525055714 115.554140963035 0.321275852023712 0.217628419250464 0.677388038595574 0.247191011235955 25
"97" -20.7646524596434 115.488464763933 0.186237001430083 0.182294077740888 0.978828462341433 0.121212121212121 15
"98" -20.880044748408 115.508733811766 0.260383309099206 0.204121709337313 0.783927779562639 0.21875 35
"99" -20.9383620150281 115.532515819721 0.328569791690696 0.243692062631299 0.741675189850387 0.263157894736842 35
"100" -20.7434924598896 115.489205773471 0.178212905235402 0.117157799061555 0.657403564050542 0.2 19
"101" -20.8443282486368 115.505271301265 0.193025587072054 0.143247526044715 0.742116774348896 0.147826086956522 43
"102" -20.8589400019826 115.544641220375 0.237122400505731 0.194181140668219 0.818906776643933 0.181818181818182 17
"103" -20.6806284861441 115.391659502583 0.344005436357668 0.272785827748177 0.792969525820393 0.285714285714286 25
"104" -20.5477248011367 115.564561633919 0.191935145248847 0.127109904531031 0.662254452493475 0.169691470054446 12
"105" -20.813850162822 115.499429603524 0.181972569944019 0.165965547872079 0.912036071827396 0.134329940627651 32
"106" -20.8076387281626 115.47515291963 0.26427242355569 0.161176418692559 0.609887390155917 0.254901960784314 14
"107" -20.7698827935374 115.467239608793 0.203560149824754 0.129556912779771 0.636455184825261 0.188888888888889 30
"108" -20.7516002189943 115.448430898833 0.251127279348419 0.171460266718362 0.682762411010216 0.214285714285714 35
"109" -20.854741055557 115.543899163423 0.281286753699537 0.228876079600272 0.813675285416219 0.257142857142857 35
"110" -20.772850521244 115.458185893907 0.213076288231115 0.165549434173493 0.77694911783862 0.221428571428571 10
"111" -20.8773437351163 115.52065457398 0.394084863280625 0.165582707332609 0.420170178458996 0.395061728395062 19
"112" -20.7307369372949 115.4199690951 0.23394572459446 0.227559674410056 0.972702855777878 0.177083333333333 30
"113" -19.6850316666667 163.613683333333 0.44131347419125 0.120877884121601 0.27390481186445 0.444495133819951 6
"114" -21.641665 165.438175 0.438517179023508 0.418126432998194 0.953500690507221 0.438517179023508 2
"115" -18.0415 162.95458 0.4 0.0942809041582063 0.235702260395516 0.4 2
"116" -20.70718 164.255615 0.449455873583781 0.214515470159699 0.47727815513732 0.532051282051282 4
"117" -22.3684875 167.09537925 0.157549066606085 0.072264526186717 0.458679494226378 0.145631067961165 4
"118" -22.39451225 167.07654175 0.305384615384615 0.210661065680085 0.68982212943101 0.38 4
"119" -22.39365 167.167329 0.387579449152542 0.229504477842103 0.59214821204768 0.41114936440678 4
"120" -22.4152085 167.1575375 0.309606558663162 0.0326902624056429 0.105586466083906 0.321915820029028 4
"121" -22.42901675 167.14204975 0.235044017607043 0.229937103859614 0.978272521890063 0.195578231292517 4
"122" -22.45144575 167.1126375 0.244615316275764 0.119269422321373 0.487579535644922 0.229166666666667 4
"123" -22.4265915 167.2069 0.257855416392002 0.157704544694429 0.611600667153256 0.257855416392002 2
"124" -21.400165 164.930495 0.340062111801242 0.379905196103331 1.11716413831299 0.340062111801242 2
"125" -22.3201442857143 166.223111428571 0.333076359758699 0.241605818590644 0.725376663674593 0.378048780487805 7
"126" -20.212181 163.935414 0.549326375720453 0.278070648693325 0.506202980566206 0.538461538461538 10
"127" -18.47566 163.09633 0.511627906976744 NA NA 0.511627906976744 1
"128" -18.47666 163.089663333333 0.603145339664006 0.219470445645042 0.363876550496605 0.608695652173913 3
"129" -18.47466 163.098 0.529411764705882 NA NA 0.529411764705882 1
"130" -22.01904 165.957456666667 0.131578947368421 0.114707866935281 0.871779788708135 0.184210526315789 3
"131" -21.0033066666667 164.61 0.409213415095768 0.240969696746166 0.588860696782808 0.459383753501401 6
"132" 21.5004203333333 36.9673180583333 0.389591594833086 0.156271654721187 0.401116596953635 0.396304143126177 6
"133" 20.33380483 37.3168890033333 0.188497700579608 0.0410551007111697 0.21780159962127 0.196172248803828 6
"134" 19.5170196675 37.3174889175 0.290739634024873 0.0497887125409386 0.171248452960078 0.303047895500726 4
"135" 20.21752828 37.300812 0.27754120048339 0.13420537531013 0.48355118114495 0.246554694229113 6
"136" 19.9337281083333 37.4001863333333 0.395369222394474 0.132122114940894 0.334174001053302 0.345692184582555 6
"137" 19.13424133 37.61689367 0.337616183706944 0.0699761221403855 0.207265307521887 0.337616183706944 2
"138" 18.86759078 37.7508228333333 0.390406114951674 0.180719279532629 0.462900740053724 0.354166666666667 6
"139" 18.7975328883333 38.1669328916667 0.299544929139825 0.0621082259895589 0.207341937544759 0.301780212256077 6
"140" 18.73406183 38.4882054975 0.305925388537505 0.0673270582193176 0.220076727012357 0.320276497695853 4
"141" 18.43408133 38.450173 0.324904587876286 0.0282398928994283 0.086917495022204 0.322589098532495 4
"142" 18.690676398 37.7505792 0.459932435615314 0.195464570840639 0.424985401560426 0.455696202531646 5
"143" 18.7501216666667 37.7502958333333 0.283308540807627 0.102764033098554 0.36272832723505 0.275510204081633 6
"144" 20.88418513 37.233438924 0.258095238095238 0.0838985930925096 0.325068349620425 0.25 5
"145" 18.73414108 37.7503515 0.153092088030835 0.125907540167556 0.822430092809213 0.122732321362458 4
"146" 20.83419983 37.28348683 0.431809168515158 0.0942478343066319 0.218262698382986 0.408869395711501 4
"147" 19.2002375 38.0007946666667 0.280229240336098 0.0789034742712571 0.281567598643963 0.296254947731655 6
"148" 19.2338856083333 37.700617 0.365839541258074 0.130560864246389 0.35688013328851 0.362619126641696 6
"149" 19.2008893333333 37.6672973916667 0.27617196366615 0.111356045469594 0.403212708456556 0.266559829059829 6
"150" 21.7508392 36.883512264 0.324537328845127 0.135897964033061 0.418743706668988 0.285714285714286 5
"151" 19.3002491666667 37.7004775 0.267634312904277 0.116865111202579 0.436659671678112 0.215384615384615 6
"152" 19.1382604975 37.600883 0.551518319155905 0.108677180324399 0.197050898491874 0.513438529564765 4
"153" 18.733906665 38.50002 0.348333333333333 0.0966379267621615 0.277429454819602 0.348333333333333 2
"154" 18.517549665 38.434202665 0.302623732856291 0.0653557251543917 0.21596364745599 0.302623732856291 2
"155" 21.03355633 37.3342510725 0.262136835766973 0.0943575205153191 0.359955212853788 0.279768177028451 4
"156" 21.2007948 37.217099202 0.314828736628397 0.216284923033369 0.68699231636106 0.263157894736842 5
"157" 18.9668091133333 37.700249 0.343536145327859 0.244326706146184 0.71121106023067 0.368421052631579 3
"158" 21.00047825 37.30078175 0.347457184628237 0.108563581121208 0.3124516801613 0.360119047619048 4
"159" 20.58395293 37.33377033 0.557947865450526 0.142197484267817 0.254858012859314 0.6 5
"160" 18.873919034 37.452134468 0.186353470648734 0.152484932957295 0.81825646942053 0.164209664209664 10
"161" 20.103985034 37.340588 0.352596155235836 0.158408209321706 0.44926244081066 0.303511705685619 10
"162" 19.63381153 37.28378673 0.194119537336533 0.161332167744153 0.831097013509059 0.147239263803681 5
"163" 19.1339426633333 37.61694667 0.493443838039048 0.151242338723583 0.306503652623614 0.542510627656914 6
"164" 18.81734567 38.13378533 0.454545454545455 NA NA 0.454545454545455 1
"165" 18.73420433 38.4893735533333 0.330965646389033 0.107393654996847 0.324485807420058 0.370327700972862 6
"166" 19.0671780957143 38.08908524 0.375022190774331 0.165171310413883 0.440430765104443 0.365853658536585 7
"167" 19.2142065583333 37.66728817 0.543414074936891 0.245005145942588 0.450862716375245 0.556119402985075 6
"168" 19.21727007 37.804097534 0.43638592014406 0.181602462844368 0.416151059100204 0.442622950819672 5
"169" 19.300233 37.700528 0.442887004651711 0.102343737568329 0.231083180344867 0.472222222222222 6
"170" 19.2254678333333 38.000724 0.32298486100018 0.0960126399681267 0.297266688199585 0.340579710144928 6
"171" 19.453901334 37.420512802 0.270904150197628 0.0678216027903287 0.25035276403426 0.246376811594203 5
"172" 19.5169733366667 37.3168730033333 0.471147095100765 0.148267615525821 0.314694958469628 0.482862903225806 6
"173" 20.3351876533333 37.31683267 0.120185199209509 0.0692506778610227 0.576199717739817 0.113207547169811 3
"174" 18.958875835 37.6948034433333 0.387816119582422 0.138214187619888 0.356391033381255 0.37247619047619 6
"175" 20.8060128883333 37.2751753366667 0.292864032519205 0.122183368638039 0.417201687715022 0.267482517482518 6
"176" 21.2007876 37.21705827 0.207958251214045 0.0862276501651077 0.414639234854674 0.19047619047619 5
"177" 18.44490161 38.43943272 0.386424790573506 0.111104810957939 0.287519883993583 0.410107705053853 6
"178" 21.76683867 36.88383133 0.428571428571429 NA NA 0.428571428571429 1
"179" 18.4533301116667 38.4340166633333 0.293398914242904 0.0830192056551816 0.282956758273653 0.278656126482213 6
"180" 21.7506882 36.88391293 0.733324336045482 0.100053478749926 0.136438235896375 0.76 5
"181" 18.5175050033333 38.66693917 0.455549862024503 0.18003386223346 0.395201222174395 0.434030804998547 6
"182" 21.500183 36.96693547 0.24683084037304 0.085841905351547 0.347776255275932 0.239130434782609 5
"183" 19.0148701428571 38.0387863842857 0.354309299575239 0.223354392487842 0.630393819060375 0.298701298701299 7
"184" 21.2170473366667 37.21708367 0.265804451046856 0.118963960381692 0.447561957345558 0.245560488346282 6
"185" 18.740567398 37.7503512 0.647873015873016 0.215261318220894 0.332258502741972 0.6 5
"186" 21.000451 37.3005195 0.283333333333333 0.164991582276861 0.582323231565392 0.283333333333333 2
"187" 18.873951534 37.7506058 0.2978017254613 0.176359947886455 0.592205930349363 0.227272727272727 5
"188" 19.2531639466667 37.6200127783333 0.287103453382474 0.125674291768138 0.437731731497905 0.2378300330033 6
"189" 20.7503465 37.2340599966667 0.658936634765123 0.169460686967724 0.257172963266988 0.664989792942549 6
"190" 19.63386133 37.28373133 0.131034482758621 NA NA 0.131034482758621 1
"191" 18.81749007 38.13393013 0.48832579425561 0.216154678174897 0.442644399942864 0.488888888888889 5
"192" 18.68385273 37.750639 0.587399962827905 0.195223830540384 0.332352473433133 0.545454545454545 5
"193" 21.76676567 36.88384058 0.304452139566921 0.109340338449601 0.359138019542697 0.331944444444444 4
"194" 21.000486 37.300528 0.377358490566038 NA NA 0.377358490566038 1
"195" 20.9335696633333 37.18391133 0.373622922762238 0.270768650932819 0.72471102396768 0.26865671641791 3
"196" 20.93355033 37.18389533 0.6 NA NA 0.6 1
"197" 18.88346433 37.41752967 0.334728033472803 NA NA 0.334728033472803 1
"198" 20.33381383 37.31684717 0.177575757575758 0.00599969390097673 0.0337866721386061 0.177575757575758 2
"199" 21.200847 37.21705067 0.264150943396226 NA NA 0.264150943396226 1
"200" 18.800371 38.1507385 0.340571830767355 0.225529807647382 0.662209223643753 0.266125760649087 4
"201" 18.4505888 38.43404373 0.398346271059744 0.0971496483534847 0.243882409379739 0.387096774193548 5
"202" 18.46307001 38.43389283 0.201500933471554 0.107755903436553 0.534766274180883 0.226422764227642 4
"203" 19.200963 37.975495 0.270097419498773 0.156176629740763 0.578223331531951 0.270097419498773 2
"204" 19.266829 37.8005103333333 0.29782196969697 0.0713109681274591 0.239441597273758 0.284090909090909 3
"205" 19.23395883 37.7006725 0.326526566217288 0.026635663843268 0.0815727312844226 0.326526566217288 2
"206" 18.91738067 37.700848 0.0901943967981704 0.0652931647579345 0.723915975668003 0.0901943967981704 2
"207" 19.6337468225 37.28376183 0.256683834563756 0.0684190586372872 0.26654993195644 0.274266936299292 4
"208" 18.68411733 37.75055 0.237704918032787 NA NA 0.237704918032787 1
"209" 20.1341369357143 37.2983337614286 0.364465357129809 0.165902667312133 0.455194613333427 0.441441441441441 7
"210" 18.7501825 37.750287 0.401655488129458 0.279101287261698 0.694877315287025 0.401655488129458 2
"211" 20.584000825 37.33403733 0.264399606652577 0.127392036352693 0.481816285453432 0.28344407530454 6
"212" 18.88375383 37.43343733 0.0267857142857143 0.0378807204207079 1.41421356237309 0.0267857142857143 2
"213" 20.9436688041667 37.2880949191667 0.381570718889656 0.144683033211106 0.379177505108683 0.353107344632768 12
"214" 18.86732217 37.46724167 0.256756756756757 0.363108887636335 1.4142135623731 0.256756756756757 2
"215" 18.96722667 37.700038 0.373333333333333 NA NA 0.373333333333333 1
"216" 21.500337 36.96727517 0.440094214260287 0.203361126911251 0.462085436076593 0.425485726690546 6
"217" 19.208866835 37.66732167 0.495807926829268 0.126654034739969 0.255449797969007 0.495807926829268 2
"218" 21.76672907 36.88384453 0.327218777623309 0.0847945655741547 0.259137223694935 0.378048780487805 5
"219" 19.300098 37.700411 0.138470749230243 0.0526157115662244 0.379977084393018 0.138470749230243 2
"220" 21.2128047525 37.21712517 0.363487554112554 0.123540635008844 0.339875832366434 0.380952380952381 4
"221" 20.9335196633333 37.20070983 0.399429128376497 0.150804970605343 0.377551259764903 0.39828738512949 6
"222" 20.8321218181818 37.2249803309091 0.334810798279999 0.164411138682598 0.491056858163524 0.4 11
"223" 19.51728767 37.31737517 0.400634249471459 0.204806826686167 0.511206485607161 0.400634249471459 2
"224" 19.9226652266667 37.4005835555556 0.328878338475904 0.229857497498028 0.698913460105762 0.240853658536585 9
"225" 19.617050466 37.474111534 0.456381904319261 0.225399215760583 0.49388289418878 0.426470588235294 5
"226" 19.136871775 37.61148078 0.434868893811008 0.087494886092817 0.201198309049076 0.409407665505227 6
"227" 18.877154266 37.750495 0.479138543654673 0.319650215715005 0.667135257532913 0.32258064516129 5
"228" 18.7341968225 38.4880714975 0.390713717817003 0.189901258880419 0.486036835208746 0.365671641791045 4
"229" 18.683899315 37.7505925 0.674603174603175 0.46018060362934 0.682150071262316 0.674603174603175 2
"230" 19.200247 38.000761 0.457142857142857 NA NA 0.457142857142857 1
"231" -5.33004166666667 72.2382916666667 0.490319865319865 0.330233563537788 0.673506392245309 0.628787878787879 4
"232" -5.3228625 72.233075 0.45298019725517 0.244825900790786 0.54047815395531 0.460829889807162 8
"233" -5.32396296296296 72.2438333333333 0.505852434865718 0.0958368127302023 0.18945606687777 0.5 9
"234" -5.53519047619048 72.229380952381 0.504534745949966 0.267650759582007 0.530490242209304 0.494897959183674 7
"235" -5.53473888888889 72.2296296296296 0.338452978049554 0.174206351810751 0.514713603096866 0.296116504854369 9
"236" -5.30322083333333 71.9751041666667 0.310122991046687 0.18862047735859 0.608211847570484 0.256511115084332 12
"237" -5.26168611111111 71.7923092592593 0.344797192934561 0.17216955485782 0.49933572078267 0.324105177806093 18
"238" -5.3777 71.8126333333333 0.208395476309425 0.160530074237835 0.770314582066457 0.145829295083026 12
"239" -5.43865666666667 71.7793016666667 0.446773778391312 0.14433934280281 0.323070309368936 0.435235507246377 10
"240" -6.11600277777778 71.5095486111111 0.332725885507077 0.185497963232686 0.557509864163364 0.318808777429467 12
"241" -6.11595416666667 71.5095194444444 0.37391102930644 0.114052720809669 0.305026361541736 0.395238095238095 12
"242" -6.20618111111111 71.3258222222222 0.395359033019702 0.132671806042018 0.335572972820901 0.368421052631579 15
"243" -6.39865303030303 71.2503287878788 0.433038310410322 0.169059687245828 0.390403535164445 0.428571428571429 11
"244" -7.14823666666667 72.1272533333333 0.295088290477552 0.157834652088352 0.534872637043382 0.224318658280922 10
"245" -7.27864433333333 72.3837573333333 0.623626373626374 0.384055715250242 0.61584264471845 0.75 3
"246" -12.11428076 96.876852585 0.517915132272697 0.300301507028685 0.579827636452545 0.629023508137432 12
"247" -12.092619326 96.8768268613333 0.655887806998495 0.256779489859123 0.391499105669015 0.666666666666667 15
"248" -12.0952546317647 96.8555013235294 0.645265506041981 0.233186941108643 0.361381383206112 0.68 17
"249" -12.1298262805556 96.8301496655556 0.756784110950778 0.213936505933298 0.282691593068096 0.775 18
"250" -12.103670690625 96.8518491975 0.687630191950497 0.264032991727689 0.383975274527645 0.746508379888268 16
"251" -12.1316953663636 96.8826840036364 0.6468992144647 0.252209495496449 0.38987448099647 0.666666666666667 11
"252" -12.1593446470588 96.8426335294118 0.669257916690423 0.280782246793768 0.419542660297956 0.714285714285714 17
"253" -12.135063885625 96.86432225125 0.580652701729929 0.223298200122731 0.384564128363586 0.549230769230769 16
"254" -12.1562600044444 96.8661939988889 0.453848959005463 0.146378453621034 0.322526802621293 0.5 9
"255" -12.13486443 96.8405640157143 0.558697575070546 0.272669752655231 0.488045348363649 0.568965517241379 7
"256" -20.6460976744186 116.449048837209 0.594937145868874 0.247639701112986 0.416245149311229 0.626016260162602 43
"257" -20.52285 116.568975 0.498320061606412 0.227965818175949 0.457468674732993 0.458595088520845 32
"258" -20.32735 116.464245 0.281728539392438 0.172385557469424 0.611885319965036 0.261363636363636 20
"259" -20.1284157894737 116.386702631579 0.307332826160797 0.237887589086362 0.774038985870969 0.2625 38
"260" -20.44899 116.52518 0.365607571549573 0.194362436224958 0.531614909946153 0.31625 10
"261" -21.792284425 114.1339445 0.347651098768746 0.173614833047345 0.499393885600321 0.301948051948052 10
"262" -21.7892176706667 114.138593466667 0.256518444866792 0.232258832443265 0.90542741503004 0.210526315789474 15
"263" -21.6118399995 114.299967825 0.331818727898311 0.154952748876847 0.466980118507157 0.338541666666667 20
"264" -21.4479328727586 114.732239368966 0.228180059632234 0.214037207543497 0.938018895640871 0.142857142857143 29
"265" -20.9984728773077 115.132673034615 0.229393559204322 0.183438167971522 0.799665729969919 0.204022988505747 26
"266" -20.6141357776667 115.230032496667 0.196618629937234 0.192824348768882 0.980702331363191 0.148351648351648 30
"267" -20.2738837896154 115.309668261538 0.155104534053628 0.0901667149586215 0.581328685900607 0.16025641025641 26
"268" -20.5948158611111 116.461627222222 0.409499891935459 0.160519022253685 0.391987947774561 0.414014752370917 18
"269" -20.408890475 116.791298583333 0.481962497781932 0.17622521761869 0.365640933536752 0.444871794871795 12
"270" -20.64018362 116.415521493333 0.486528221671762 0.213284349894433 0.438380222141206 0.474576271186441 15
"271" -20.9200021153846 115.919831026923 0.479016340256723 0.240787191280835 0.502670099211622 0.465711707647192 26
"272" -21.1811754 115.585469888462 0.476658395355125 0.233956111628782 0.490825534404945 0.477582846003899 26
"273" -21.3326558962963 115.194280737037 0.384328722906435 0.20055659990993 0.521836094875363 0.389733840304182 27
"274" -21.4559108962963 114.942131244444 0.292195235716338 0.209844461719653 0.718165240460559 0.20253164556962 27
"275" -21.5570412129032 114.72863586129 0.337810312704638 0.185149961573382 0.54808854143913 0.322147651006711 31
"276" -21.6575752384615 114.482722315385 0.306086692108436 0.141123744901245 0.461058087593205 0.2589175530352 26
"277" -21.7706792911765 114.247335747059 0.355158329322144 0.210458765499987 0.592577304611352 0.289810547875064 34
"278" -21.7899220125 114.152998325 0.39504749946221 0.194147498772072 0.491453556942825 0.351909184726522 24
"279" -22.3335346938775 114.18827755102 0.382958184874792 0.207984348761571 0.543099369529265 0.367816091954023 49
"280" -22.3725088235294 114.174123529412 0.437476490308559 0.179865127634511 0.411142385063135 0.444444444444444 34
"281" -22.1103594594595 114.484075675676 0.510905692578874 0.17461147528186 0.341768506043615 0.48 37
"282" -22.0215076923077 114.438446153846 0.400233861998568 0.262108988314543 0.654889586317613 0.333333333333333 13
"283" -21.89377 114.160955 0.37488927715644 0.181209261348886 0.483367416436582 0.366666666666667 20
"284" -21.9479 114.4188 0.101226993865031 NA NA 0.101226993865031 1
"285" -34.0225935714286 121.969363571429 0.551548750001823 0.342692895761473 0.62132838803522 0.571895424836601 14
"286" -34.0283791666667 121.985159166667 0.792183052131899 0.297559089384456 0.375619105437404 0.951508620689655 12
"287" -34.0609604166667 121.863569583333 0.429604935100502 0.367922819101129 0.856421304878764 0.355855855855856 24
"288" -34.0616109090909 121.910955454545 0.806043985432004 0.332350657469147 0.412323227362117 0.995238095238095 22
"289" -34.0588841666667 121.95416 0.578888369415398 0.316055561656556 0.545969790299519 0.520698924731183 24
"290" -34.0615266666667 121.999644583333 0.439084226008612 0.367748071659405 0.837534235748639 0.338948787061995 24
"291" -34.0676142857143 122.009307142857 0.539619005498561 0.366274258827724 0.67876456369308 0.428571428571429 21
"292" -34.046526 121.977098333333 0.633811581111033 0.311098072606023 0.490836838387659 0.727272727272727 30
"293" -34.0565386956522 121.983801304348 0.459635674851714 0.348027974914256 0.757182250978529 0.363636363636364 23
"294" -34.04049875 122.01095375 0.681644085048164 0.364495022247413 0.534729238091545 0.915882352941176 24
"295" -34.0253566666667 122.017923333333 0.82416761295237 0.266126656799253 0.322903560655486 0.95 15
"296" -14.3997578947368 144.907231578947 0.543673795812488 0.221212040787774 0.406883764661098 0.53125 19
"297" -14.0610493178947 144.012259263158 0.549594400608781 0.23402556784757 0.425815051223852 0.6 19
"298" -13.912298813125 143.9062180625 0.636759533358798 0.315800940661896 0.495950078668001 0.638586956521739 16
"299" -13.9889931177778 143.978603277778 0.493021474445084 0.209176742928722 0.424275115326688 0.499180999180999 18
"300" -13.4997121068421 143.740091947368 0.520553591110808 0.195426447986707 0.375420420344594 0.516129032258065 19
"301" -13.5390643823077 143.752784615385 0.404288267579304 0.180608034962437 0.446730834025523 0.333333333333333 13
"302" -13.382658996 143.6955714 0.48458717120363 0.170353909652065 0.351544406817323 0.437529634898056 10
"303" -12.2493851636842 143.234425736842 0.498571213044487 0.237799240422914 0.476961433394461 0.562162162162162 19
"304" -13.5121442794444 143.721440972222 0.375234860751332 0.267804436810492 0.713698178986535 0.295238095238095 18
"305" -11.551670796 142.99899005 0.468242780372853 0.177871191636049 0.379869587085601 0.489130434782609 20
"306" -11.4851004076471 143.026833411765 0.592744603886735 0.251615733829279 0.424492660379173 0.61744966442953 17
"307" -11.5963265483333 142.938822944444 0.536619045118861 0.230781444957048 0.430065699412382 0.514705882352941 18
"308" -12.2238402970588 143.274117764706 0.450467593137089 0.244224722693992 0.542158251591847 0.431034482758621 17
"309" -12.2410284152632 143.207399315789 0.472704596459252 0.271685349460954 0.574746578510102 0.408695652173913 19
"310" -12.247274565 143.274995 0.489704261758432 0.203702717017005 0.415970888808581 0.512923351158645 18
"311" -13.5126782089474 143.719265689474 0.413923614658547 0.271985881434786 0.657091965287246 0.428571428571429 19
"312" -13.5290184988889 143.7772925 0.382407679353607 0.29927763023738 0.782614069736402 0.272058823529412 18
"313" -13.648077725 143.730156222222 0.462625725290612 0.249912675532332 0.540204882414055 0.444444444444444 18
"314" -13.5118222938889 143.716544394444 0.505182966805774 0.32952636280527 0.652291119173782 0.621212121212121 18
"315" -14.0395396863158 143.948304578947 0.499170086938572 0.187813440365535 0.376251392621304 0.5 19
"316" -12.2461428571429 143.224014285714 0.417351564281627 0.276814068130966 0.663263521265187 0.372549019607843 14
"317" -11.9623608394925 143.273584291871 0.395396503755166 0.245214124790388 0.62017271893286 0.296296296296296 7
"318" -11.7442123339722 142.970401840037 0.456390831390831 0.28622260224084 0.627143629000146 0.545454545454545 6
"319" -11.5680919506473 143.000524396021 0.610909965125651 0.223091985042428 0.36517981008305 0.657142857142857 15
"320" -11.515984375 143.009835 0.610644707001158 0.152614895132066 0.2499242085984 0.605952380952381 16
"321" -11.2548127470585 142.889114560271 0.43691715161405 0.378025315457601 0.865210518884662 0.333333333333333 16
"322" -9.96304367110133 143.38895913586 0.499301546344005 0.201550790704508 0.403665464648181 0.558441558441558 15
"323" -9.94982479273208 143.291525641855 0.589500440722327 0.243521512820862 0.413098101372868 0.614385706391601 14
"324" -9.8960938440779 143.307753219627 0.518384637103556 0.212716031534625 0.410344011587927 0.555555555555556 13
"325" -10.7604876470588 143.976738431373 0.17282207639014 0.0985425798294294 0.570196712640882 0.191489361702128 17
"326" -10.7362791156286 143.972325298715 0.201799621660852 0.126712716523988 0.627913548504781 0.161490683229814 17
"327" -10.7180486916331 143.968112870352 0.14500172436726 0.0981086580749522 0.676603388704972 0.123230373230373 16
"328" -10.0595364253968 143.777075072284 0.246805160263762 0.10750503551983 0.43558666036374 0.23167515181255 12
"329" -10.0060302132208 143.5480974282 0.393072836039739 0.263226241228678 0.669662762455726 0.388638638638639 14
"330" -9.99897882347059 143.532319882353 0.431364316757863 0.290301208979194 0.672983827594038 0.3 17
"331" -10.1494935522222 143.624617388889 0.371083492949791 0.236546620959295 0.637448513484002 0.388090824837813 18
"332" -10.189816798 143.678285066667 0.363676101375387 0.207656317197604 0.570992474931038 0.349206349206349 15
"333" -11.4542988985 143.0423787 0.602731772386102 0.221522908674142 0.367531493813865 0.608006535947712 20
"334" -11.541591148 143.027997 0.550632160543063 0.235979584197282 0.428561208565345 0.592682926829268 20
"335" -11.596811352 142.93745735 0.4862108632647 0.247063625364177 0.50814089941399 0.522222222222222 20
"336" -12.2443084584211 143.211081157895 0.46360620904419 0.300460781255673 0.648094817097313 0.5 19
"337" -12.2519305268421 143.240354421053 0.40877743540793 0.221751452439694 0.542474787578238 0.365079365079365 19
"338" -13.503061544 143.73424535 0.513682374710844 0.202952153569973 0.395092694555106 0.5 20
"339" -23.8118937782894 113.458783333333 0.605124035046252 0.324713942592592 0.536607247087406 0.7 15
"340" -23.8029752385187 113.409373690476 0.395334994085986 0.295685292422916 0.747936046254999 0.365491651205937 28
"341" -23.7983412502326 113.392185555556 0.44326139861945 0.23862239172439 0.538333345668236 0.447765890497168 24
"342" -23.7735050001742 113.318447708333 0.225646585882748 0.230159117864942 1.01999822848877 0.152564102564103 16
"343" -23.7549619052592 113.2849725 0.315246404581141 0.187143593470176 0.59364227712233 0.286551724137931 28
"344" -23.7506739688506 113.260526666667 0.421082563255749 0.225849028235864 0.536353313919323 0.4 21
"345" -23.7654263336118 113.249545333333 0.311726507252823 0.156851474217966 0.503170152581068 0.312937062937063 20
"346" -22.2839376888348 113.771320107527 0.395945770940451 0.264568686187819 0.668194246801564 0.344827586206897 31
"347" -22.1640892070091 113.83788984127 0.38284452731074 0.267540521131601 0.69882289557831 0.4 21
"348" -22.0903947828941 113.830123501372 0.277513498511536 0.199637253767269 0.719378534154331 0.230769230769231 27
"349" -22.1444440482785 113.812275 0.244464108765789 0.238243836197574 0.974555477286139 0.211111111111111 28
"350" -22.1713924249025 113.788627272727 0.217412747435631 0.214416717070622 0.986219619592934 0.133333333333333 11
"351" -22.2128294444444 113.782972777778 0.312407473857598 0.247838920159246 0.793319433427564 0.291666666666667 18
"352" -22.2397666673283 113.790125 0.435755600164572 0.29594716444755 0.679158602518889 0.414772727272727 28
"353" -22.31085 113.77392 0.433766233766234 0.262850307998602 0.605972266942884 0.392857142857143 4
"354" -22.330060952381 113.731215714286 0.217509030189132 0.170511401762785 0.783927920668483 0.186440677966102 21
"355" -22.6730214712008 113.595797352941 0.28150270325246 0.227697201910651 0.808863287207744 0.2 34
"356" -22.7179173919772 113.612235507246 0.311396040201637 0.24050893432299 0.772357073542922 0.324324324324324 23
"357" -22.7720666673175 113.573140344828 0.332476227421228 0.194892971310148 0.586186184864369 0.3125 29
"358" -22.8246708340086 113.510791666667 0.219414258098859 0.157630004042462 0.718412765917157 0.162714097496706 20
"359" -22.772110191131 113.641731238095 0.371910399704159 0.280250161353852 0.753542147723701 0.333333333333333 35
"360" -22.802829243007 113.67094780303 0.316494069721768 0.237672789156411 0.750954952695797 0.23267983490566 22
"361" -22.8568311111111 113.703193333333 0.370180139908401 0.23851168763522 0.644312489844103 0.4375 9
"362" -35.1447 134.300425 0.0714285714285714 0.0824786098842323 1.15470053837925 0.0714285714285714 4
"363" -35.2188 134.432566666667 0.0858585858585859 0.083448038595244 0.971924214226959 0.0909090909090909 3
"364" -35.285275 134.569275 0.331547619047619 0.19521268708073 0.58879230573721 0.291666666666667 4
"365" -35.168 134.367766666667 0.5 0.5 1 0.5 3
"366" -35.2308 134.498325 0.273580586080586 0.280153310566406 1.02402482054733 0.208333333333333 4
"367" -35.033125 133.914275 0.742307692307692 0.189414128384232 0.255169292123835 0.684615384615385 4
"368" -35.029 133.9133 0.451851851851852 0.219239238325167 0.485201593014713 0.555555555555556 3
"369" -28.730846481458 114.001451801584 0.476753947419748 0.286226927617207 0.600366140996426 0.466161616161616 44
"370" -28.6763937385093 113.904521373668 0.256667070176704 0.249974715800879 0.973925933033726 0.171690307328605 36
"371" -28.8519825796128 113.902904545392 0.346629673291326 0.22882291141819 0.66013653489462 0.343137254901961 22
"372" -28.8407177099665 113.943557291595 0.300714759068427 0.252479817379258 0.839599021216667 0.231377719182597 32
"373" -28.81273083503 113.948988333329 0.268097429424572 0.213514949386163 0.796408044062335 0.203448275862069 20
"374" -28.7864859666837 113.978655263116 0.29445201208805 0.238676157035738 0.810577436177841 0.236111111111111 38
"375" -33.5334889259259 115.063623444444 0.459296093931335 0.279745083206766 0.609073508142197 0.384615384615385 27
"376" -33.52980721875 114.998076875 0.375682401920495 0.27394260631811 0.729186687791897 0.317894736842105 32
"377" -33.5341932666667 114.996026666667 0.39336681481034 0.280880577495637 0.714042382123827 0.365151515151515 30
"378" -33.5801823529412 115.199694117647 0.435134272196897 0.231787084542965 0.532679449432295 0.424242424242424 17
"379" -33.6815965727273 114.973492320455 0.425139626028022 0.264433850590981 0.621992951025344 0.373774509803922 44
"380" -33.6826225538462 114.941594407692 0.431799243725746 0.254712605945632 0.58988664210679 0.41640866873065 26
"381" -33.665425 114.9788125 0.561656052186767 0.246244415511545 0.438425642442221 0.548862115127175 8
"382" -30.3349901064046 114.952014583356 0.460219864428406 0.271033278553545 0.588921295020955 0.387254901960784 32
"383" -30.3402723360225 114.901726111124 0.621049872333089 0.310660954077158 0.500219012863013 0.697685185185185 30
"384" -30.3445397877697 114.817843010722 0.417424771354682 0.259493950543356 0.621654411407382 0.425531914893617 31
"385" -30.2883416690229 114.693012745106 0.336318607091621 0.211970906747694 0.630268151324581 0.267857142857143 34
"386" -30.2198740761452 114.660633796259 0.256269810579846 0.226565730035274 0.884090597806417 0.185009487666034 36
"387" -30.2222833344613 114.677766666665 0.177838827838828 0.216556330453029 1.21771118874721 0.139285714285714 6
"388" -33.9788772756897 123.342668181761 0.558781060170556 0.327693438825854 0.586443353548585 0.528571428571429 22
"389" -34.0162054117538 123.377591509521 0.379997604665152 0.330044403723113 0.868543379408782 0.333333333333333 53
"390" -34.0080643157932 123.335807516401 0.688353960192954 0.346413880475851 0.503249636827464 0.793103448275862 51
"391" -34.0585499207103 123.321937398323 0.697870151528688 0.336445247856493 0.482102934363231 0.777777777777778 41
"392" -34.1989259832107 119.585715686268 0.957513863994929 0.102175284931478 0.106708935268241 0.997854077253219 34
"393" -34.1751108494255 119.622641269898 0.864390133213522 0.267480922773798 0.309444673760205 0.994318181818182 63
"394" -34.2344375842307 119.670393790918 0.923800844737754 0.180451432741923 0.195335860288317 1 51
"395" -34.2575695268749 119.705492857232 0.822701935752747 0.232488161798189 0.282590998871869 0.926829268292683 35
"396" -32.0322340425532 115.372927659574 0.575154135190052 0.318034651804801 0.55295551634991 0.619047619047619 47
"397" -31.9833 115.381664285714 0.264395525109811 0.266820680739494 1.00917245338655 0.207142857142857 14
"398" -31.9839 115.426028571429 0.266249844565121 0.202499900744393 0.760563451502276 0.181818181818182 21
"399" -31.9802476190476 115.485595238095 0.415829698548151 0.262230273568793 0.630619396556708 0.358288770053476 42
"400" -32.0271909090909 115.5155 0.425574343782343 0.200545807258159 0.471235661143911 0.5 11
"401" -32.0305979166667 115.451285416667 0.229632521498129 0.210015750985493 0.914573204245396 0.163333333333333 48
"402" -32.0311705882353 115.493829411765 0.400030875115459 0.299715220778332 0.74923022052192 0.310344827586207 17
"403" -34.9550159282934 118.205501234574 0.72226624063044 0.268347442338944 0.371535352538025 0.8 27
"404" -35.0055097247723 118.218974537011 0.479524433934291 0.298674360445287 0.622855352739365 0.5 36
"405" -35.0202307442437 118.15080462961 0.678227129220546 0.381097410325922 0.561902339064347 0.870629370629371 18
"406" -34.9652333361635 118.253771354106 0.612546200429475 0.263743754875095 0.430569571226099 0.658730158730159 32
"407" -35.0505291695784 118.165836666769 0.420371054508524 0.223579132884223 0.531861388852332 0.426406926406926 20
"408" -35.0544741856448 116.325824182967 0.370409304639045 0.215689331615729 0.582299982517753 0.357142857142857 51
"409" -35.0091446108997 116.371587745128 0.277627260831553 0.246832858105096 0.889080046987385 0.225 34
"410" -35.0655429519424 116.304430128216 0.37070265140712 0.226073466146365 0.609851225202279 0.326666666666667 26
"411" -34.9886155063533 116.399324418606 0.267661141041684 0.26083174196707 0.974484906370665 0.157894736842105 43
"412" -32.0474765016307 115.418715755421 0.355052615692839 0.249435546958707 0.702531219132031 0.275 36
"413" -32.0356840383764 115.454252571999 0.312541886743621 0.260328360517156 0.832939108512849 0.238191632928475 48
"414" -31.9794540010889 115.487194188735 0.425896248898433 0.280368419967311 0.658302158547945 0.4 29
"415" -31.9833206209857 115.403881134574 0.334086355816138 0.228428280671011 0.683740226723671 0.323529411764706 45
"416" -33.4994934297001 115.007526374802 0.358813933710166 0.250893229404654 0.699229338198761 0.308104631217839 40
"417" -33.6313916198824 114.985550505171 0.275851578587191 0.182486000423213 0.661536908209257 0.24037037037037 50
"418" -33.52065 115.0100375 0.229789594676759 0.153066163164197 0.666114422541682 0.240215924426451 8
"419" -33.52588 115.01136 0.160564745196324 0.0370067010182177 0.230478371656052 0.158730158730159 5
"420" -33.5358083333333 115.004641666667 0.376746779016929 0.217329554365659 0.576858427118478 0.336052631578947 12
"421" -33.5352 115.00004 0.303025940754337 0.19785961840258 0.652946140221654 0.256493506493506 10
"422" -34.0877514285714 114.964265714286 0.225576526541659 0.173053033006965 0.767158869143263 0.16 35
"423" -21.5568066666667 115.06974 0.426883299777748 0.20570551937599 0.481877645443352 0.413793103448276 30
"424" -21.4213333333333 115.140277777778 0.454577868316806 0.184103809754359 0.404999500824912 0.467611336032389 18
"425" -21.56435 114.736816666667 0.321579526538025 0.118228267107362 0.36764861364202 0.348734275508619 6
"426" -21.59772 114.72154 0.302006216165304 0.197018623705633 0.652366120827773 0.305555555555556 5
"427" -13.0786994888818 124.581967081977 0.432938105323587 0.25749700337239 0.594766319263886 0.426970252361483 16
"428" -13.0688519046294 124.584426059001 0.368869695119937 0.174785886460822 0.473841816698959 0.327072959515047 8
"429" -12.8823468063478 124.345907713794 0.31578068299466 0.237734567134511 0.752847086401833 0.236363636363636 15
"430" -12.8839934184295 124.336841874591 0.352274442956755 0.20462690038001 0.580873533323932 0.318027791321307 8
"431" -12.8028845951726 124.281567372407 0.47079590064412 0.198708000038471 0.422068246062909 0.486819727891156 24
"432" -12.5140174389722 124.172163609683 0.475137926564483 0.283411159367447 0.596481870888881 0.433445532435741 16
"433" -12.5175359714851 124.175641619939 0.33059800663239 0.20762072944115 0.628015672435722 0.204968944099379 7
"434" -12.545735269724 124.033729898626 0.373516851189705 0.178193416366329 0.477069282948701 0.359550561797753 23
"435" -12.5701518830015 123.598272204438 0.374966397681793 0.234227807923695 0.624663461504268 0.357445520581114 16
"436" -12.5611860462848 124.007248764855 0.474588444054181 0.240997987063599 0.507804161864686 0.432748538011696 22
"437" -13.9028287205727 123.907081809471 0.307853233622843 0.155629679785461 0.505532061346237 0.266455878125898 24
"438" -13.4400108347015 124.029703440722 0.4416128354669 0.239067239329038 0.541350296298071 0.405006662859319 30
"439" -12.5439521000213 124.033217651603 0.42036675687224 0.178242366203496 0.424016322150966 0.444444444444444 7
"440" -13.4665731888635 124.065039294378 0.476611373133415 0.251200166821471 0.527054495510653 0.424038461538462 32
"441" -12.8028977083333 124.28154575 0.36082015875781 0.187527535647871 0.51972577223365 0.353966789667897 24
"442" -12.88293025 124.342627791667 0.33543992208438 0.195974964656348 0.584232679994037 0.293650793650794 24
"443" -12.5455535 124.033645833333 0.330492823536478 0.170402168655836 0.515600208296286 0.320844412214971 24
"444" -20.4770045894737 115.466305023684 0.298650230802221 0.170576429969443 0.571157870902187 0.289522164651698 38
"445" -20.4493180082927 115.571316995122 0.390862103466939 0.188225162104982 0.481564112855732 0.316326530612245 41
"446" -20.3639666666667 115.355980333333 0.338532023903243 0.241067588126443 0.712096850829521 0.316417378917379 30
"447" -20.2548 115.437892666667 0.39217322529513 0.192937792736548 0.491970844239438 0.35423197492163 30
"448" -20.3273103448276 115.594139655172 0.350196068226404 0.213182102104732 0.608750701241195 0.298507462686567 29
"449" -20.453 115.397214 0.320818402611881 0.181553820378855 0.565908373399935 0.32051282051282 10
"450" -20.22025 115.34555 0.293747124430779 0.129098941157679 0.439490059376227 0.273657289002558 20
"451" -22.0423831378733 113.802582352941 0.0964291809862717 0.0996251776370478 1.03314345945996 0.0909090909090909 17
"452" -22.6142506179544 113.558612962963 0.155773779807596 0.07699634398718 0.494283082058367 0.133333333333333 27
"453" -22.6862964450717 113.483473333333 0.755555555555556 0.338452750838673 0.447952170227655 1 15
"454" -23.6084775006931 113.191635 0.329360922486597 0.268263645133895 0.814497491410239 0.279569892473118 20
"455" -22.0944611117694 113.8117 0.253830227743271 0.232720688306807 0.916835990637748 0.304347826086957 3
"456" -22.1210750006589 113.7955625 0.285087719298246 0.236229129605685 0.828619100770711 0.327751196172249 4
"457" -22.1556319451041 113.767019444445 0.266250389044507 0.185352128897114 0.69615721337455 0.25 12
"458" -22.195598333994 113.748656666667 0.402712063764695 0.23127267193175 0.574287916209241 0.363756613756614 10
"459" -22.1116829964706 113.869319094118 0.198835655070692 0.121564835018221 0.611383481373106 0.166666666666667 17
"460" -22.8428587348276 113.714233913793 0.25269438706392 0.160942217824455 0.636904601223866 0.222222222222222 29
"461" -23.2724125763333 113.756590783333 0.236342952056276 0.132424527009242 0.560306647002151 0.198039215686274 30
"462" -22.4270498613793 113.734057031034 0.235609334003913 0.16937971552334 0.718900701618752 0.178571428571429 29
"463" -13.8151443946154 125.783994 0.607348381352186 0.246968234267394 0.406633559667271 0.636363636363636 13
"464" -13.9326800733333 125.725648066667 0.586555630799631 0.235376769405712 0.401286352131393 0.5 15
"465" -13.931922868 125.631740933333 0.455697237922298 0.17988625583182 0.394749497828847 0.444444444444444 15
"466" -14.0783055594444 125.684854333333 0.593359035708697 0.188766293515321 0.318131657487717 0.653450247807854 18
"467" -13.8628111764706 125.818883117647 0.497933997198047 0.179629021318299 0.360748658113524 0.5 17
"468" -13.8074538905556 125.825146708333 0.536646131344918 0.181952594795046 0.339055075900846 0.523954703832753 18
"469" -13.5782701011111 125.960197 0.429883902277847 0.226202937031039 0.52619541190644 0.444444444444444 9
"470" -13.8714664686667 125.755999 0.611170991170991 0.206355096400838 0.337638892195237 0.692307692307692 15
"471" -15.5499600686667 123.156329133333 0.516066189660246 0.198606574104274 0.384847095360049 0.5 15
"472" -16.98229398 122.381413 0 NA NA 0 1
"473" -12.2377986188889 122.994171277778 0.377123871578023 0.18483969142093 0.490129915795289 0.345238095238095 18
"474" -12.2243067694118 122.983521882353 0.412501854609003 0.203946212892433 0.494412838666501 0.454545454545455 17
"475" -12.193642203125 123.1217153125 0.523301144082726 0.182629879211966 0.348995757561529 0.498092007631969 16
"476" -12.2460224713333 123.152357133333 0.443345865901697 0.180579104805528 0.407309774814879 0.4625 15
"477" -12.2373082652632 123.006108473684 0.458391967309604 0.2100578110605 0.458249328175126 0.452380952380952 19
"478" -12.2251522684211 123.010081210526 0.343644496445727 0.238261230354698 0.69333637761991 0.309859154929577 19
"479" -12.262265991 122.9555817 0.444569978745495 0.214898816837031 0.483385804510328 0.334154351395731 10
"480" -12.2931641818182 123.024493727273 0.266670484518878 0.160407881500542 0.601520943684289 0.220338983050847 11
"481" -13.8848588235294 125.749529411765 0.604192196173608 0.299423079324899 0.495575880028188 0.688888888888889 17
"482" -13.9429166666667 125.638733333333 0.446875795046778 0.19351507258445 0.433039951434812 0.438131313131313 18
"483" -13.8399117647059 125.829894117647 0.624637500747599 0.268614017783002 0.430031846409334 0.648648648648649 17
"484" -13.89273 125.80398 0.674094411298647 0.236024401970307 0.350135527033378 0.736821400472069 20
"485" -14.0925833333333 125.729472222222 0.522309711999485 0.206555094752974 0.395464778861278 0.508333333333333 18
"486" -14.1672631578947 125.758452631579 0.526835456019039 0.21651065183523 0.410964465966782 0.5 19
"487" -12.1962666666667 123.027988888889 0.299257141234422 0.134924065041937 0.450863309344535 0.278018575851393 18
"488" -12.2307764705882 122.953252941176 0.329351779033759 0.220623405688107 0.669871607602558 0.284210526315789 17
"489" -12.2793526315789 123.005457894737 0.232400745705318 0.138512866945877 0.596008702663588 0.202702702702703 19
"490" -12.293785 123.09892 0.366804474151588 0.203518886483675 0.554842977186718 0.391081871345029 20
"491" -12.2043842105263 123.134447368421 0.336619143580772 0.14589470619577 0.433411791866086 0.347826086956522 19
"492" -12.2203736842105 123.008794736842 0.41312594748486 0.206704266893877 0.500342009869646 0.45 19
"493" -14.4625 144.88775 0.378872247823861 0.174309195708658 0.46007380247522 0.347222222222222 4
"494" -13.998 144.008 0.441413502399846 0.324166889980534 0.734383720067752 0.421052631578947 3
"495" -14.0738523814286 144.224571428571 0.333847754217966 0.254222585314055 0.761492572893198 0.411764705882353 7
"496" -14.0596666666667 144.240333333333 0.475985418090681 0.331715169195702 0.696901956632012 0.318181818181818 3
"497" -14.14375 144.225 0.164814814814815 0.198796102226958 1.20617859778154 0.12962962962963 4
"498" -13.517 143.789571428571 0.567261904761905 0.376369940365303 0.663485309353316 0.7 7
"499" -13.4785714285714 143.736714285714 0.428238591957299 0.137767319494217 0.321706922453067 0.380434782608696 7
"500" -13.5177 143.7695 0.463195706796842 0.171540387305841 0.370341056250504 0.510740740740741 10
"501" -13.804 143.780666666667 0.497435897435897 0.434144287452243 0.872764289208118 0.692307692307692 3
"502" -13.662 143.902 0.583643809344149 0.164703720254735 0.282199035812296 0.642105263157895 6
"503" -13.9316 143.892 0.309719887955182 0.210399380504291 0.679321505291054 0.25 5
"504" -14.1365 144.2285 0.833333333333333 0.117851130197758 0.141421356237309 0.833333333333333 2
"505" -13.9416666666667 143.838333333333 0.418852729448018 0.16452057724523 0.392788600093502 0.450793650793651 18
"506" -13.6735 143.729166666667 0.521288460352694 0.287387465462718 0.55130218165251 0.45865704772475 6
"507" -13.797 143.755 0.954545454545455 NA NA 0.954545454545455 1
"508" -13.4780566666667 143.733666666667 0.57036157036157 0.260142925086029 0.456101775793057 0.472222222222222 6
"509" -13.58708264 143.769509214286 0.522335143963664 0.290409334192286 0.555982758480614 0.521604938271605 14
"510" -14.0511334411111 144.010109222222 0.415315565678602 0.239167869786148 0.57587022869071 0.428571428571429 9
"511" -14.0515218375 143.9911085 0.45925209050209 0.347808858624387 0.757337562130932 0.30952380952381 12
"512" -13.9115815133333 143.838762166667 0.347342472342472 0.268082548005984 0.771810444596769 0.325757575757576 6
"513" -13.9805371863636 143.901901518182 0.427825462747859 0.177365072439324 0.414573436793909 0.493975903614458 11
"514" -13.9524274064706 143.971613217647 0.511345628110431 0.203506621285808 0.397982519255759 0.505154639175258 17
"515" -13.438177342 143.7780174 0.514825847754549 0.197093174006201 0.382834651495913 0.522388059701492 15
"516" -14.288833868 144.770152933333 0.649110455349844 0.283139540272949 0.436196240469348 0.714285714285714 15
"517" -6.64624730769231 71.3514569230769 0.447256353455842 0.216441677008588 0.483932034360597 0.411764705882353 13
"518" -6.189275 71.340381875 0.442574506569598 0.258781514322013 0.58471852870115 0.426857447564877 16
"519" -6.16190857142857 71.5332085714286 0.38014428524831 0.256886932227462 0.675761657339301 0.310730158730159 14
"520" -5.44061166666667 71.8188683333333 0.591064595777005 0.185029990605244 0.31304529475667 0.607522188272952 18
"521" -5.42779388888889 71.7609188888889 0.528602603523485 0.251660359210978 0.476086113714718 0.5323415717759 18
"522" -5.2540575 71.80027375 0.496665032658864 0.194098539584373 0.3908037144175 0.495967741935484 16
"523" -5.30145789473684 71.9677473684211 0.432313538422752 0.245158698199412 0.567085405407025 0.41304347826087 19
"524" -5.291605 71.9712992857143 0.758073597864957 0.2018977201353 0.266329972055386 0.855630819736613 14
"525" -5.32898222222222 72.2397666666667 0.440133646960158 0.202027955342304 0.459015021318267 0.472222222222222 18
"526" -5.32167647058824 72.2388188235294 0.553651429916286 0.169756800697728 0.306613135133409 0.555555555555556 17
"527" -5.28649 71.97458 0.621212809529735 0.190192929125655 0.306163888136231 0.685459940652819 9
"528" -5.38397235294118 71.94922 0.477492895191363 0.199849574090296 0.418539366978861 0.526315789473684 17
"529" -5.43789 71.7558714285714 0.309349576933672 0.231507301500399 0.748367926651591 0.226415094339623 7
"530" -6.64148625 71.335925 0.508406472147603 0.14890400641179 0.292883774242276 0.469202898550725 8
"531" -7.35875333333333 72.44398 0.632641901136418 0.261986020864462 0.414114241237982 0.666666666666667 5
"532" -7.37971666666667 72.4604833333333 0.844036697247706 NA NA 0.844036697247706 1
"533" -7.39048333333334 72.4615916666666 0.711180124223602 0.206422476495452 0.290253438565657 0.711180124223602 2
"534" -7.39671333333334 72.4443333333333 0.714604232393049 0.121344239265531 0.169806214076253 0.736260197509661 10
"535" -7.41285238095238 72.4301785714286 0.651515113151058 0.208279640375922 0.319685048238676 0.757142857142857 7
"536" -7.33694696969697 72.4574378787879 0.673367438528227 0.178182692955439 0.264614358759151 0.678571428571429 11
"537" -7.246365 72.4430016666667 0.687765976434362 0.293604677630147 0.426896193894767 0.728617934300089 10
"538" -6.64633020833333 71.3438614583333 0.693156654806345 0.188668196650313 0.272186951307599 0.728898610396294 16
"539" -5.33525196078431 72.2317980392157 0.533418473302431 0.203989721666206 0.382419679624687 0.518518518518519 17
"540" -5.31058833333333 72.2512666666667 0.673613250633723 0.138218003554879 0.205188961803893 0.678125 20
"541" -5.4235787037037 71.7587527777778 0.543232858558141 0.276139240501676 0.508325732052751 0.605237475601822 18
"542" -5.44101505 71.8214958333333 0.605907264064881 0.173936027439405 0.287067077348622 0.629213483146067 20
"543" -5.29963828571429 71.9750071428572 0.698843577268456 0.302795017671611 0.433280103761037 0.789473684210526 7
"544" -5.29817677777778 71.9679833333333 0.68987774973276 0.209732251425368 0.304013648079841 0.743746091307067 18
"545" -5.3703625 71.965375 0.554058795703642 0.237628834353093 0.428887396420283 0.526369435128559 8
"546" -7.33469861559569 72.4527930119074 0.841687925170068 0.154348903682472 0.183380204309435 0.853061224489796 8
"547" -7.40316809434443 72.4324585022404 0.767814509391759 0.142655878091765 0.185794715190747 0.784824046920821 10
"548" -7.39424999358606 72.4513543357505 0.844202898550725 0.269848495382108 0.319648861482668 1 3
"549" -7.34124813894075 72.453913998657 0.706871652810744 0.181063503285205 0.256147636654037 0.785714285714286 7
"550" -7.38818865269422 72.4501741025596 0.633788258614809 0.364179182188938 0.574607019361448 0.794117647058823 9
"551" -7.25244341950331 72.447096134669 0.641415884504995 0.340565290712602 0.530958616616472 0.708333333333333 7
"552" -7.25399216171354 72.4011284974403 0.667158853855694 0.166450762369137 0.249491948442522 0.695231079827577 12
"553" -7.22679865546524 72.4217109940945 0.56045696045696 0.270192897638818 0.482093928173397 0.63986013986014 3
"554" -7.23145265132188 72.4348910339176 0.517736388941921 0.37451987395557 0.72337946869248 0.607843137254902 3
"555" -5.41676844470203 71.7573237791657 0.475360043007102 0.284033867089638 0.597513129822303 0.533333333333333 9
"556" -5.43987165271703 71.8209327338263 0.735642049948063 0.211817550184003 0.287935620590147 0.804924242424242 14
"557" -5.25332774268463 71.8107154872268 0.779623374716512 0.0839167185816981 0.10763750972989 0.784278111007857 4
"558" -5.25183093175292 71.7893452662974 0.604763375048689 0.241309167169803 0.399014188235813 0.555555555555556 15
"559" -6.63894909666851 71.3372374232858 0.646347803031848 0.24335188075719 0.376502990519485 0.669565217391304 12
"560" -6.6504553032036 71.355131241278 0.732906731474353 0.161873329743932 0.220864842404025 0.72360248447205 13
"561" -5.33236547000706 72.2312568090856 0.653622897731495 0.144455678659825 0.221007677609186 0.666666666666667 15
"562" -5.3160836007446 72.2529499791562 0.702483215508426 0.171291438269748 0.243837054734147 0.714285714285714 5
"563" -5.308196938131 71.9722665025619 0.731418045609922 0.171374477768328 0.234304415644299 0.76483704974271 16
"564" -5.27275724817484 71.9670855285039 0.578311335353803 0.217558816330928 0.376196700688615 0.651515151515152 16
"565" -34.04093375 134.3519825 0.310950854700855 0.223877238969863 0.719976277875939 0.267857142857143 8
"566" -34.08581125 134.254025 0.344257703081232 0.329959012212305 0.958465153456411 0.233333333333333 8
"567" -20.536019168006 116.715741666666 0.192566832679377 0.1710023784142 0.888015739963479 0.145214887018166 20
"568" -20.5417722236257 116.754602777779 0.136110244447608 0.128213361029229 0.941981711586601 0.145502645502646 18
"569" -20.4023591284664 116.734901984126 0.307104452759349 0.178864275260628 0.582421627734549 0.3 21
"570" -20.4251500014845 116.724750952381 0.284280763234833 0.184480508041863 0.648937711938921 0.25 35
"571" -20.4926718764994 116.693983333333 0.289171994560535 0.233517923613387 0.807539900149297 0.223573573573574 16
"572" -20.5186053586394 116.715811309524 0.167555214556598 0.120954004596408 0.72187550185465 0.2 28
"573" -20.4064480877571 116.698094508797 0.273096430767725 0.174935165623376 0.640561889189106 0.25 29
"574" -20.5106534737081 116.684772916666 0.265304815338965 0.214430423156785 0.808241730866513 0.244471744471744 24
"575" -20.4675285729253 116.712096031745 0.247948101442733 0.211238879147103 0.851947959746292 0.22718253968254 42
"576" -20.3932115956822 116.7939 0.293069534272555 0.139944277627824 0.477512198513532 0.266666666666667 23
"577" -20.5107801602265 116.758148412699 0.182345202091452 0.128403374759186 0.704177424393034 0.153846153846154 21
"578" -20.493692263402 116.69413095238 0.289816639307821 0.217349440751459 0.74995501041818 0.226388888888889 28
"579" -20.4270410271283 116.700835256409 0.320363904612977 0.225130353382193 0.702733204772761 0.246621621621622 26
"580" -20.4289004644518 116.788746296296 0.290279539255678 0.187150465401816 0.644724963673634 0.25 36
"581" -20.460316072914 116.651374999999 0.236281309729628 0.165296656633514 0.699575674532445 0.209375 28
"582" -33.8511599453264 124.135344525505 0.364969866810553 0.258105566778097 0.707196922950557 0.333333333333333 19
"583" -33.7548144715016 124.13147511125 0.285807173546928 0.195111957532932 0.682669910315934 0.25 17
"584" -33.7207073997706 124.131388938054 0.273910907025904 0.25165521109939 0.918748412875689 0.185185185185185 15
"585" -33.8474637539031 124.131159241765 0.271504433117929 0.22737447738604 0.837461380556095 0.245726495726496 16
"586" -33.8615169469267 124.130503777414 0.502941638803686 0.362311831976233 0.72038543644555 0.623478440272333 18
"587" -33.7396922120824 124.091287795454 0.318977699405997 0.257778113665552 0.80813835620982 0.292118226600985 10
"588" -34.0859139980748 123.172565799672 0.553749485628379 0.346456531947249 0.625655717863286 0.577160493827161 20
"589" -34.1128884963691 123.16536985198 0.363331011624834 0.288539349090803 0.79415007213516 0.35 20
"590" -34.0844695307314 123.200955463573 0.387365882426059 0.332152903503447 0.857465560526873 0.293103448275862 15
"591" -34.3469013087451 123.551746406592 0.572874676329253 0.270440310921723 0.472075869463448 0.612519201228879 20
"592" -34.3612131125786 123.5391013516 0.499642497683402 0.309718823181266 0.619880864052359 0.636363636363636 17
"593" -34.3475464428775 123.561023748479 0.594892074690146 0.199647367271816 0.335602667720534 0.5501679731243 8
"594" -34.038756949827 122.001331645064 0.623562394801292 0.300774547659222 0.482348759589757 0.628364253984845 20
"595" -34.0541802765801 121.991296829655 0.398787139995491 0.319719746079478 0.801730331833402 0.270979020979021 18
"596" -34.0010893391445 122.238522623665 0.67140249496887 0.299986335277595 0.44680551163502 0.713983050847458 18
"597" -34.0386568447574 121.981050150934 0.793299349946009 0.255037121320433 0.321489134382614 0.896152150639209 20
"598" -31.9818670534884 115.44240115814 0.362129372096529 0.215680269913196 0.595588998110059 0.333333333333333 43
"599" -32.0338166725806 115.414008603226 0.256722504565411 0.199884209873305 0.778600264171137 0.196385542168675 62
"600" -31.9886809302326 115.531605813953 0.446119431946992 0.255479290830031 0.572670169768322 0.423076923076923 43
"601" -32.0227903846154 115.521219615385 0.353876912047679 0.223545805402241 0.631704973655139 0.280745341614907 26
"602" -32.0216823809524 115.458736190476 0.358998047896466 0.183422295712916 0.510928393030745 0.294117647058824 21
"603" -32.01729 115.507715 0.307656491373121 0.117989275763268 0.383509787934794 0.280909901873327 4
"604" -17.2775517263636 119.372564454545 0.407102342087185 0.231426600128895 0.568472779946161 0.384615384615385 11
"605" -17.3452731010526 119.383660315789 0.384500398872252 0.117876942010512 0.306571702802512 0.36 19
"606" -17.10810981625 119.6573118125 0.342972862793811 0.208303724141817 0.607347538942303 0.328047600068326 16
"607" -17.0363953641176 119.621329517647 0.311994395222509 0.219218470751655 0.702635925864348 0.239316239316239 17
"608" -26.1382606229508 113.179370137705 0.233638862546884 0.232231473390792 0.993976219791732 0.175 61
"609" -26.1486919637681 113.197155644928 0.250069165977049 0.26114101289661 1.04427513834543 0.133333333333333 69
"610" -26.1124348685185 113.250994240741 0.297538899903441 0.269577598335502 0.906024719534107 0.242258652094718 54
"611" -26.04359024 113.22144556 0.252135056228729 0.205456509416823 0.814866891141228 0.167986008836524 50
"612" -26.1246106796875 113.233213917187 0.304241681575639 0.278932194992024 0.916811245413385 0.214652014652015 64
"613" -26.2811004366667 113.262629111111 0.33389153597774 0.312134989741262 0.934839479614935 0.310344827586207 9
"614" -26.0970409925 113.157262875 0.267258508420482 0.252644264085746 0.945317945456229 0.226409666283084 8
"615" -25.944345605 113.0575417 0.372126261689445 0.168017111879025 0.451505655946536 0.307563025210084 10
"616" -26.153274835 113.199243333333 0.219949494949495 0.235242907627893 1.06953147440466 0.121212121212121 6
"617" -26.4239952533333 113.317972795833 0.256144974372554 0.258007292419192 1.00727056250547 0.174242424242424 24
"618" -26.1863691453846 113.188962615385 0.271483705492941 0.21943014119875 0.808262657238759 0.230769230769231 13
"619" -26.0094101122222 113.121202555556 0.344506006820321 0.22094299915801 0.641332791835017 0.324662162162162 18
"620" -26.1561666666667 113.1954 0.173654245146891 0.191971331893244 1.10548021288428 0.0987654320987654 9
"621" -33.5194769230769 115.017723076923 0.161695759420743 0.069057956213057 0.427085759456213 0.15625 13
"622" -33.534652631579 114.998268421053 0.180594886314791 0.117460371336149 0.650408069314912 0.146341463414634 19
"623" -33.6494642857143 114.984557142857 0.21612954023142 0.180108021369841 0.833333662658935 0.163817663817664 14
"624" -33.7043058823529 114.967170588235 0.133678007992687 0.0888176684677582 0.664414961005532 0.0952380952380952 17
"625" -33.6287533333333 115.248403809524 0.514681033664325 0.313928431583593 0.609947542361425 0.452991452991453 42
"626" -33.573988125 115.4016309375 0.497437114086962 0.251265527521886 0.505120185861243 0.5 32
"627" -33.6187671052632 115.178209473684 0.440469207628672 0.274573295416878 0.62336547177743 0.440972222222222 38
"628" -33.61134 115.39246125 0.78722699752655 0.262689445942977 0.333689579712512 0.869885433715221 8
"629" -34.0877514285714 114.964265714286 0.446539445516099 0.219387361448697 0.491305669973085 0.424242424242424 35
"630" -34.3860344117647 115.097785882353 0.402397241212617 0.191323977155961 0.475460459369477 0.407190635451505 34
"631" -33.5307514285714 115.00552 0.422169007449639 0.191253766329832 0.453026543765524 0.389830508474576 35
"632" -33.6911228571429 114.974514285714 0.400033197180414 0.21896591284104 0.547369354304581 0.446428571428571 35
"633" -33.52908 115.006173333333 0.240144425524005 0.205335783119125 0.855051216246532 0.181377639321565 30
"634" -33.6360886656667 114.965018943333 0.410607764534269 0.217364840390638 0.529373429255981 0.394915254237288 30
"635" -33.5043750980392 115.007734221569 0.443613844445722 0.247055281340736 0.55691517393787 0.40625 51
"636" -33.491805667 115.00802166 0.364544209660309 0.167189513711491 0.458626167364672 0.333333333333333 10
"637" -34.0882657142857 114.964320285714 0.32560353837588 0.229198138774495 0.703917837987087 0.25 35
"638" -34.3857608571429 115.097561142857 0.41601418747036 0.210118761716472 0.505075951842249 0.365853658536585 35
"639" -33.5682584615385 115.005761538462 0.379869618832418 0.187753110132389 0.494256715526434 0.263157894736842 13
"640" -33.5387325 114.999899444444 0.325004988752255 0.148525180901749 0.456993541766729 0.298315602836879 18
"641" -33.66795875 114.98693375 0.472151870493325 0.219114814615021 0.464076980963943 0.4875 8
"642" -33.7061782352941 114.967574705882 0.38387815108426 0.230450962652393 0.600323206729755 0.310344827586207 17
"643" -33.6392312056738 114.988015248227 0.364638678943792 0.245251137266087 0.672586731546083 0.326086956521739 47
"644" -33.5434539215686 114.998226470588 0.392193875642831 0.276272527509035 0.704428459154816 0.4 17
"645" -34.0917227777778 114.964516666667 0.376351918825697 0.299042140469092 0.794581150010263 0.265 30
"646" -31.4115540112994 115.409468757062 0.225678312047546 0.202916325314035 0.899139680162463 0.17948717948718 59
"647" -31.5634078911565 115.316709455782 0.262752133727466 0.274192936546505 1.04354218805662 0.181818181818182 49
"648" -31.702051625 115.347625291667 0.331176345218839 0.261550859395106 0.789763107091103 0.25 40
"649" -20.11732 116.43412 0.663872670807453 0.167070540597875 0.251660518567017 0.630434782608696 5
"650" -20.1315941176471 116.429470588235 0.46969999330944 0.197099272653866 0.419628008221019 0.441860465116279 17
"651" -20.1387 116.37196875 0.437824069655138 0.262185154555245 0.598836776520216 0.416027280477408 16
"652" -20.1502857142857 116.219135714286 0.482574233365342 0.18683486534481 0.387162953234934 0.473684210526316 14
"653" -20.1547 116.2151 0.444820131442408 0.101104551658854 0.227293111332449 0.474334140435835 4
"654" -20.138525 116.203125 0.380645161290323 0.0901971174359835 0.236958528857245 0.376674937965261 4
"655" -20.129475 116.4321875 0.310155001731882 0.26517550523738 0.85497736214686 0.264819004524887 8
"656" -20.1411111111111 116.423444444444 0.382484182259643 0.229962827898673 0.601234870786282 0.357142857142857 9
"657" -20.1190909090909 116.435636363636 0.437017401790129 0.307958501444292 0.704682468439058 0.4375 11
"658" -20.1429411764706 116.330529411765 0.312760854383273 0.185084766352373 0.591777275699474 0.295454545454545 17
"659" -20.1415909090909 116.213318181818 0.341123516414088 0.209372730498613 0.613773957009918 0.263203463203463 22
"660" -20.1611666666667 116.2205 0.244729024376701 0.327155087284545 1.33680542435772 0.0684782608695653 6
"661" -20.113975 116.4291 0.388787492925863 0.262037412693635 0.67398621987977 0.330263157894737 4
"662" -20.12891 116.43698 0.475561186958892 0.269762711120935 0.567251320163464 0.472752808988764 10
"663" -20.1413857142857 116.420814285714 0.451731110207468 0.156043180273084 0.345433769663148 0.452830188679245 7
"664" -20.1261 116.444781818182 0.517513030237749 0.252701858081818 0.488300474223277 0.508196721311475 11
"665" -20.0704409090909 116.641759090909 0.591077826283041 0.248099522229872 0.41974087201009 0.642857142857143 22
"666" -20.0589105263158 116.64 0.43505614925173 0.247778199670115 0.56953154229926 0.376923076923077 19
"667" -20.1547368421053 116.225689473684 0.360029435376069 0.149108549733106 0.414156552442314 0.371428571428571 19
"668" -20.1255333333333 116.437231 0.0190476190476191 0.0329914439536929 1.73205080756888 0 3
"669" -20.1390722222222 116.421688611111 0.416848171090512 0.181366266231841 0.435089509346701 0.456439393939394 18
"670" -20.1235 116.4382793 0.222402410807583 0.153332218308429 0.689435954186163 0.190909090909091 10
"671" -20.06924 116.6537718 0.376391612200436 0.362657782138783 0.963511859413224 0.15625 5
"672" -20.0621235294118 116.631480176471 0.501306866815456 0.215721284443727 0.430317832696154 0.5 17
"673" -20.0647933333333 116.6441856 0.200765639589169 0.215231930116548 1.07205560950062 0.2 15
"674" -20.1135 116.438376 0.241379310344828 NA NA 0.241379310344828 1
"675" -20.12542 116.4316924 0.111465992351003 0.0311009114832763 0.279017042124744 0.108108108108108 5
"676" -20.1250666666667 116.437851 0.0318518518518519 0.0286600624031898 0.89979265684433 0.04 3
"677" -20.12228315 116.430079825 0.24218994684939 0.140629596626967 0.580658274451087 0.236111111111111 10
"678" -20.13618 116.4252527 0.271180517302702 0.14345607822837 0.529005843248833 0.221744471744472 20
"679" -20.072316 116.63551832 0.214868200478034 0.151345693982537 0.704365251097307 0.192307692307692 25
"680" -20.1213957222222 116.435777777778 0.261936419930455 0.227903653807754 0.870072416307223 0.208333333333333 18
"681" -20.13310705 116.42645 0.189499911983198 0.168757471443865 0.89054116003404 0.179144385026738 20
"682" -20.1464814705882 116.207941176471 0.204258040679523 0.248931264263818 1.2187097430078 0.1 17
"683" -20.1449115882353 116.226294117647 0.174094532178034 0.145511061829885 0.835816380959518 0.131578947368421 17
"684" -20.1427296666667 116.383475 0.215522371866018 0.0958923563846005 0.444929941863359 0.2 6
"685" 58.59082324 9.10861723 0.471071428571429 0.277412486569569 0.588896863074143 0.4 10
"686" 58.5886659375 9.106267015 0.419642857142857 0.250793202301617 0.597634865059172 0.414285714285714 8
"687" 58.5909380666667 9.10331342111111 0.714675577833473 0.21032299792192 0.294291570112848 0.736842105263158 9
"688" 58.5929921555556 9.10870573333333 0.45326278659612 0.229445887219513 0.506209408768342 0.333333333333333 9
"689" 58.5958758857143 9.09526688857143 0.666666666666667 0.350264450358847 0.525396675538271 0.75 7
