ID lat_in lon_in mean_max_size STD CV median_max_size String_Number
"1" -5.41431208545454 72.3777510590616 21.1280541646227 29.1166443530824 1.37810345080599 9.42944553724375 4
"2" -5.67914409486486 71.3645987762162 1.84334179028618 2.06068675792415 1.11790812142562 1.84334179028618 2
"3" -7.13182858771552 72.2030696539224 26.7575922875442 37.8124032627967 1.41314670081129 26.7575922875442 2
"4" -5.40762230903272 72.3508403531294 6.99957300782464 11.835303319231 1.69086075764916 1.40411870556499 4
"5" -6.31766368777778 72.1754451877778 6.09983465122612 7.24670509603759 1.18801664477593 3.24080087587717 4
"6" -7.17352071941748 72.1049688339806 102.585755846927 122.827489539468 1.19731524640462 82.2096360800237 4
"7" -6.60124490196078 71.340272745098 6.33459312589808 9.07349864517264 1.43237276093976 3.0292167051156 4
"8" -6.62761337820513 71.4015703717949 0.0495876070537934 0 0 0.0495876070537934 2
"9" -5.53405298245614 71.9817919298246 2.31576324781277 3.20485632588089 1.38393090438233 2.31576324781277 2
"10" -5.51434049707581 71.9445262371119 16.8026890359728 22.5886264605137 1.34434592059365 9.6606260797319 4
"11" -20.0905667368947 115.671780572556 295.697568072799 444.983277207129 1.50485944171708 94.6147256507029 4
"12" -20.2329502220561 115.758922691589 56.173701214615 NA NA 56.173701214615 1
"13" -19.8355683313889 115.817284975694 328.272330370309 197.241651959691 0.600847630798465 376.725613356972 4
"14" -20.4888290329786 115.145064553526 134.612125863395 79.0774987909774 0.587447069004956 122.283834747206 6
"15" -20.1658749289976 115.44849479952 487.022002838062 285.276164086375 0.585756213115553 466.962557480938 5
"16" -19.8208852730932 115.574436381356 63.8617831662434 72.6555463548925 1.1376999318318 53.1986220955004 4
"17" -19.6678711409759 115.324797611446 97.7070177639059 94.9276347124739 0.97155390559409 74.7914183623866 6
"18" -20.2959223422222 115.047637754902 145.800921540004 156.964860373651 1.0765697412316 85.8645950157554 4
"19" -20.0483347373117 115.00299144904 52.5436870999272 82.1668878686343 1.56378230009573 0.0446346685526298 6
"20" -21.841575839273 113.802077150709 269.772749056498 141.05082007912 0.522850512412503 297.425828945134 4
"21" -21.5864760824742 114.21508371134 267.625065040421 161.646397424942 0.604003206502826 281.832027899114 3
"22" -21.9306399867568 113.766861301455 164.200664818156 219.693620722287 1.33795816823023 84.2269811829507 4
"23" -21.7624657133333 113.833547508333 195.938644948255 206.383675059916 1.05330765717207 202.627339966158 4
"24" -22.0301698564593 113.754951674641 132.406361519232 241.908922464945 1.82701888103622 17.5828747441121 4
"25" -21.6660284797619 114.137644595238 378.4894806502 NA NA 378.4894806502 1
"26" -20.0567739130435 116.630039440994 94.4567987938916 24.0350905028471 0.254455907989139 97.4688614932803 4
"27" -20.0636105906314 116.64913401222 137.821778674145 60.9724524364722 0.442400707805628 140.715422692563 4
"28" -20.1421156626506 116.422521686747 69.0911793336841 48.1265668669087 0.696566006414157 68.9178290814578 4
"29" -20.1221631992603 116.426619001387 39.1054510041551 18.9187715875102 0.48378860495689 33.0572799504302 3
"30" -20.0864486631016 116.651804812834 59.1236814861229 NA NA 59.1236814861229 1
"31" -20.1205594594595 116.458 18.5112596412288 NA NA 18.5112596412288 1
"32" -20.1300434146341 116.436619512195 71.227585710648 NA NA 71.227585710648 1
"33" -8.24339857142857 -14.3626197959184 82.4504494160945 135.027600519529 1.63768180132165 9.07006364538711 3
"34" -7.92287321428571 -14.44238 234.50248210047 NA NA 234.50248210047 1
"35" -8.83227834782609 -11.08132 4.00452671044648 5.64409988531967 1.40942995100921 4.00452671044648 2
"36" -8.43839692307692 -12.9618536538462 62.7345066479104 88.7132452196401 1.4141060472115 62.7345066479104 2
"37" -8.43473761904762 -17.150999047619 124.049055671601 130.779615737657 1.05425724548742 111.492475765801 3
"38" -8.437572 -16.9693 35.6171482099869 NA NA 35.6171482099869 1
"39" -9.73927938547486 -12.828853575419 134.970936803722 143.01058380606 1.05956576425063 96.107530809244 3
"40" -9.7355602745098 -12.8106971764706 99.4460233283887 53.268142428026 0.535648793638786 103.817136115459 3
"41" -9.76072992307692 -12.0581916153846 75.7512564346615 9.66535562112374 0.127593337405043 72.2709368478414 3
"42" -7.08489458333333 -11.170571875 8.79727915126859 12.3053557954858 1.3987683673436 8.79727915126859 2
"43" -9.67496432098765 -15.2248083950617 83.3978624145155 117.941309043969 1.41420062372535 83.3978624145155 2
"44" -7.81267833333333 -14.3813213888889 0.0105547653625624 NA NA 0.0105547653625624 1
"45" -8.43857235294118 -17.1177558823529 74.363286480394 21.6640571934725 0.291327323183655 74.363286480394 2
"46" -7.85837727272727 -14.4034854545455 10.073772375153 NA NA 10.073772375153 1
"47" -9.7546982278481 -12.1172306329114 120.978527757599 40.029449434036 0.330880613080711 132.00538848591 3
"48" -10.8637478571429 -13.0620314285714 112.97507173719 39.9000479133753 0.353175681146663 112.97507173719 2
"49" -8.4364821875 -16.9263465625 22.5873001003553 39.1219681594546 1.73203384139033 0.000344669760408186 3
"50" -10.0637123529412 -13.7531129411765 0.00802652396509334 NA NA 0.00802652396509334 1
"51" -7.67530071428571 -14.3909485714286 14.2684437466054 NA NA 14.2684437466054 1
"52" -9.7638603125 -11.93749625 40.1637793054597 56.7999209944243 1.41420757649425 40.1637793054597 2
"53" -8.31981688888889 -14.7941668888889 52.1426446030218 73.0787667256221 1.40151630746759 52.1426446030218 2
"54" -7.93941594594595 -14.4884108108108 114.140777184045 NA NA 114.140777184045 1
"55" -9.73568652173913 -12.9873543478261 20.3275002707406 31.9422720655796 1.57138219850659 3.8364520628989 3
"56" -7.99336587044534 -14.3508046963563 132.529050989896 16.1383327034003 0.121772038529354 132.529050989896 2
"57" -7.46253319148936 -14.4073104255319 0.0713417062894813 NA NA 0.0713417062894813 1
"58" -9.74747831210191 -12.5482785987261 179.713118294126 104.583133016652 0.581944902015925 179.713118294126 2
"59" -9.744575625 -12.565270625 12.1097349646959 20.2724149204362 1.67405933982349 0.815582655554262 3
"60" -6.0813248 -11.6954192 143.801456973318 185.935319704626 1.29300024921949 143.801456973318 2
"61" -9.58167727272727 -16.4058754545455 6.5266224734035 NA NA 6.5266224734035 1
"62" -7.93635538461538 -12.0646823076923 13.4129721434007 NA NA 13.4129721434007 1
"63" -8.96098634146341 -13.6163551219512 90.7692669081183 NA NA 90.7692669081183 1
"64" -7.93984991304348 -14.1103897391304 145.677592368278 224.325253100434 1.53987479785726 33.0285934868749 3
"65" -7.02502705882353 -17.101345 34.3985504004928 48.646108778767 1.4141906624667 34.3985504004928 2
"66" -6.54861727272727 -15.6083427272727 51.9085807295499 73.4097830299476 1.41421287190304 51.9085807295499 2
"67" -8.43470285714286 -16.7044842857143 93.4731056936295 NA NA 93.4731056936295 1
"68" -7.93516142857143 -14.6759838095238 0.00365180841529555 NA NA 0.00365180841529555 1
"69" -7.472208 -11.8653393333333 0.00110743698866428 0.00105722678094888 0.954660889757745 0.00110743698866428 2
"70" -7.937264 -11.165836 0.00317640715259427 NA NA 0.00317640715259427 1
"71" -4.89344864864865 -13.3080456756757 0.00552068188639584 NA NA 0.00552068188639584 1
"72" -6.29227714285714 -14.2760971428571 0.00332652836495122 0.00210984131846613 0.634247205193175 0.00332652836495122 2
"73" -5.60283518518519 -16.598992962963 0.00268006879280744 0.00016516260878032 0.061626257215326 0.00268006879280744 2
"74" -8.44649 -17.05253 0.000705648378015357 NA NA 0.000705648378015357 1
"75" -9.75212 -12.130825 0.000126946579805215 NA NA 0.000126946579805215 1
"76" -9.72634822580645 -12.818144516129 186.951417069601 264.388542380584 1.41420988685073 186.951417069601 2
"77" -9.73017833333333 -12.817542037037 164.932754073398 160.148098434552 0.970990264088375 174.973582749112 3
"78" -9.64836178571429 -12.0854296428571 399.013004578983 581.035576455861 1.45618205368754 131.406193201496 3
"79" -9.80284864864865 -12.0860771621622 38.3355087892823 64.4829609159959 1.68206873868396 2.22001023134071 3
"80" -9.77276166666667 -12.8132583333333 119.271591769473 NA NA 119.271591769473 1
"81" -8.46346666666667 -16.9930733333333 2.54064829723168 NA NA 2.54064829723168 1
"82" -9.85404 -12.8183028571429 103.326523085332 91.0069907841706 0.880770861795207 103.326523085332 2
"83" -9.74892666666667 -12.0808033333333 186.951714272451 264.388122072284 1.4142053904196 186.951714272451 2
"84" -9.75815848484848 -12.0899406060606 160.112778777181 NA NA 160.112778777181 1
"85" -9.74247952755906 -12.8161437795276 257.826986375809 NA NA 257.826986375809 1
"86" -7.74565272727273 -10.9720636363636 6.05583861499967 NA NA 6.05583861499967 1
"87" -8.77644852941176 -15.7780570588235 5.30134300668005 7.49455042329379 1.41370788757682 5.30134300668005 2
"88" -8.43795794520548 -17.065668630137 0.545137322745234 NA NA 0.545137322745234 1
"89" -5.92048390243902 -14.551803902439 0.122621979529294 0.173185261979277 1.41235089046906 0.122621979529294 2
"90" -9.34208074074074 -14.7653533333333 10.6007904329356 NA NA 10.6007904329356 1
"91" -5.86989777777778 -13.1366022222222 0.561155263340169 NA NA 0.561155263340169 1
"92" -5.8677175 -15.37078 0.0680113927373268 0.0911945236979874 1.34087128681805 0.0680113927373268 2
"93" -5.5142256 -13.41059384 608.516146910291 660.441337521589 1.08533083448146 608.516146910291 2
"94" -6.85873808988764 -15.2221656179775 41.0709395376817 38.3766577622914 0.934399314802176 41.0709395376817 2
"95" -9.33861357142857 -11.2892292857143 0.00615837907031426 NA NA 0.00615837907031426 1
"96" -7.89783714285714 -14.9775552380952 203.704324325295 NA NA 203.704324325295 1
"97" -6.77582933333333 -14.500429 537.878620672136 760.337885140073 1.41358636673447 537.878620672136 2
"98" -5.946962 -12.345556 32.5949970727965 45.9163980349691 1.40869465128103 32.5949970727965 2
"99" -4.85592851851852 -14.7056633333333 32.9719314309209 46.6291332105547 1.41420690832889 32.9719314309209 2
"100" -7.9168865942029 -16.0722638405797 106.216328892875 53.7528353898983 0.50606941465762 106.216328892875 2
"101" -7.293718 -16.509696 0.00651178561687427 0.0038632632006394 0.593272479767816 0.00651178561687427 2
"102" -11.1164733333333 -13.3758913333333 0.000335967521140944 NA NA 0.000335967521140944 1
"103" -7.9072825 -12.62129 4.78142416270907e-05 NA NA 4.78142416270907e-05 1
"104" -9.75830666666667 -12.2673066666667 0.000144364123268354 NA NA 0.000144364123268354 1
"105" -9.74545 -12.7119775 0.00222689753930333 NA NA 0.00222689753930333 1
"106" -5.25498195937873 72.3934270609319 22.0698815745225 24.8378494877244 1.12541834009645 15.4588280789104 4
"107" -7.14613975694444 72.1263690972222 238.389529208974 335.112598020963 1.4057353908661 54.5421489905914 3
"108" -7.1462391025641 72.1283067307692 148.856471060571 104.597030311887 0.702670361366593 108.696361518919 3
"109" -5.38279041666666 72.3090991666667 19.1008637428426 25.5176932528338 1.33594446808175 19.1008637428426 2
"110" -5.11949404761905 72.2620833333333 0.204844526051535 NA NA 0.204844526051535 1
"111" -5.28983269881557 72.2892160744501 155.144030776903 213.611810594947 1.37686129157055 155.144030776903 2
"112" -5.27331368159204 72.277877238806 6.70585043103588 6.81879139287039 1.01684215342946 6.70585043103588 2
"113" -5.35491531986532 72.2966156565656 32.7305310392195 45.060576022102 1.37671386902058 32.7305310392195 2
"114" -5.3494731981982 72.0107536036036 0.0763305266456021 0.0246781708901164 0.323306702765142 0.0763305266456021 2
"115" -5.55633108108108 71.8415117117117 70.0926408932199 82.3633726392314 1.17506448023131 70.0926408932199 2
"116" -5.35861171171171 72.0038217717718 1.02697972603159 1.42961451646578 1.39205719473162 1.02697972603159 2
"117" -7.14345713217204 72.2083824249462 73.9629935246448 48.7837581335505 0.659569817401936 60.2867134542746 4
"118" -7.13253762162162 72.1855976216216 69.6159034144078 59.1326403258729 0.849412812671117 57.6443227637089 4
"119" -6.46133112612613 73.3765888288288 5.59071880315925 6.78711690338979 1.21399718754491 4.29222455632881 4
"120" -5.52653184177215 71.9862300063291 27.9271634375632 43.4262386133308 1.55498207723169 9.45896076135893 4
"121" -6.46079154121864 73.3628193189964 59.2441586397523 71.5690120542589 1.20803491344101 46.3633445520318 4
"122" -5.53148550474066 71.9827730842164 57.804590867735 65.4082983131013 1.13154158400264 44.453650204165 4
"123" -6.58659375690608 71.2929282320442 10.0374507179497 19.9621186095356 1.98876379774776 0.0837443959285191 4
"124" -5.42277158067158 72.3552204176904 5.07020104762844 3.07256359573182 0.60600429191442 4.44589576410756 4
"125" -6.610247 71.355389 0.00806397396087625 NA NA 0.00806397396087625 1
"126" -5.42988164749082 72.3604935520196 4.52717900570595 3.12907109096103 0.691174589521914 4.92899461049258 4
"127" -6.38334753022453 73.3047455267703 5.3987948589601 10.2833601907856 1.90475105267592 0.290546923233689 4
"128" -7.13574042553191 72.1104834042553 17.2912981156572 14.0790875008497 0.814229643528098 19.8178136505265 3
"129" -7.15989824104235 72.1313163517915 45.4435975985655 72.2739691612617 1.59041037639025 14.6266678539136 4
"130" -6.3723926142596 73.2908935283364 15.3292415067155 24.9290311351138 1.62624035404444 4.56449146789605 4
"131" -18.053 162.898170588235 20.0918236193878 NA NA 20.0918236193878 1
"132" -21.9299 166.92235 498.516288355429 NA NA 498.516288355429 1
"133" -22.774712254902 166.667280392157 0.000604846302869477 NA NA 0.000604846302869477 1
"134" -20.4866606164384 163.952530821918 160.011444267435 NA NA 160.011444267435 1
"135" -18.2027166666667 162.973462962963 1.64068395790911 NA NA 1.64068395790911 1
"136" -22.372837 166.23682 63.1462127244818 NA NA 63.1462127244818 1
"137" -18.1454947916667 162.800059375 0.0209877615860678 NA NA 0.0209877615860678 1
"138" -21.0593625 164.5648875 0.0209877615860678 NA NA 0.0209877615860678 1
"139" -21.9104127659574 165.727038297872 1.64068395790911 NA NA 1.64068395790911 1
"140" -19.6350955882353 163.304347058824 63.1462127244818 NA NA 63.1462127244818 1
"141" -22.4118961538462 166.246576923077 0.0209877615860678 NA NA 0.0209877615860678 1
"142" -22.5099677419355 166.384846774194 7.15947996652416 NA NA 7.15947996652416 1
"143" -20.1785935483871 164.532758064516 498.516288355429 NA NA 498.516288355429 1
"144" -20.3372714285714 164.689142857143 0.0184155839446302 NA NA 0.0184155839446302 1
"145" -20.931221875 165.55545 6.01510359228709 NA NA 6.01510359228709 1
"146" -22.6569677419355 167.031934677419 160.011444267435 NA NA 160.011444267435 1
"147" -20.25125 163.834564583333 160.011444267435 NA NA 160.011444267435 1
"148" -18.2971 163.083346428571 2.59692896726494 NA NA 2.59692896726494 1
"149" -21.56160625 166.43305 86.9009164609894 NA NA 86.9009164609894 1
"150" -19.7087096774194 163.950493548387 80.1248696554844 NA NA 80.1248696554844 1
"151" -21.4269 164.9225 22.26782185242 NA NA 22.26782185242 1
"152" -18.2628066666667 163.018813333333 86.9009164609894 NA NA 86.9009164609894 1
"153" -22.0185 165.8833 86.9009164609894 NA NA 86.9009164609894 1
"154" -26.16171 113.134366666667 5.71008759512829 7.75160645067873 1.35752846546386 5.71008759512829 2
"155" -26.1611944444444 113.13433 10.5968306844201 20.3807661775994 1.92328883838486 0.611162039009173 4
"156" -26.11860275 113.182574 6.41192214033371 8.77899022403396 1.36916669165559 0.0088863184159469 5
"157" -26.14763 113.1799 2.17098745906706 NA NA 2.17098745906706 1
"158" -19.9825935714286 -167.809478571429 6.41586053163374 NA NA 6.41586053163374 1
"159" -19.07474 -169.99626 6.72408925144208 NA NA 6.72408925144208 1
"160" -19.01975 -169.73619 0.0208615464411405 0.0237465951926549 1.13829505687195 0.0208615464411405 2
"161" -19.9673204761905 -167.806476904762 67.0225417537105 NA NA 67.0225417537105 1
"162" -19.1737933333333 -169.942826666667 67.0225417537106 NA NA 67.0225417537106 1
"163" -18.99543 -169.973885 354.902647246008 NA NA 354.902647246008 1
"164" -20.07692 -167.80385 0.193777625647195 0.256793662866345 1.32519769508313 0.193777625647195 2
"165" -20.0410433333333 -167.72055 0.206998991946981 0.275491498400604 1.33088328503149 0.206998991946981 2
"166" -19.94621 -167.72925 0.000757265479775842 NA NA 0.000757265479775842 1
"167" 3.96100927272727 -81.6152805454546 133.101313817957 88.5419207401713 0.665221989177885 133.101313817957 2
"168" 4.02268332010582 -81.6099152425044 114.63075435319 32.8480675258218 0.286555451119281 114.63075435319 2
"169" 4.07317655172414 -81.587754137931 38.8624177754481 1.87846818701902 0.048336369545329 38.8624177754481 2
"170" 4.0196688172043 -81.5883811827957 90.1545402772606 NA NA 90.1545402772606 1
"171" 3.996335 -81.5965955555556 83.6973662737776 103.643645895636 1.23831430437863 83.6973662737776 2
"172" 4.03667778225806 -81.6049656854839 201.448871114219 86.7421400248423 0.430591343327313 201.448871114219 2
"173" 4.00070234602076 -81.6986942214533 58.0830247165286 76.1317198288914 1.3107395870041 58.0830247165286 2
"174" 3.99503824324324 -81.5763874324324 70.8655138391874 100.203787432495 1.41399930662867 70.8655138391874 2
"175" 3.98070625 -81.58719875 11.3417092955742 NA NA 11.3417092955742 1
"176" -12.1118893181132 123.117365226415 14.4120755313143 20.3771305107313 1.41389284745672 14.4120755313143 2
"177" -12.1436541467143 123.215870371429 55.9759543418933 41.5273714913185 0.741878758112369 55.9759543418933 2
"178" -12.33562368125 123.20132471875 0.533440327366702 0.553524000258502 1.03764933369575 0.533440327366702 2
"179" -12.2533828297 122.92501241 67.4325641185966 0.0738009215369615 0.00109444038650472 67.4325641185966 2
"180" -12.1633063343558 122.973030527607 43.0826788047175 9.95329940418099 0.23102786735469 43.0826788047175 2
"181" -12.1238413306923 123.049878146154 118.918134717768 109.194135226804 0.918229465051384 118.918134717768 2
"182" -12.18655807425 122.95048835 22.0427425932353 30.9513872187914 1.40415318501656 22.0427425932353 2
"183" -12.3270855652778 123.068826888889 8.20786148071995 11.5995117652683 1.41321972751553 8.20786148071995 2
"184" -12.1281666458824 123.030389588235 16.4206781438318 25.9137244808597 1.57811536490007 5.49806725409354 4
"185" -12.1398119725806 123.162549096774 51.1173758766622 64.2920204392774 1.25773319417654 29.6707547605834 4
"186" -12.3368636612 123.06512398 53.5589295978071 68.1535230745922 1.27249598874326 36.0012025844974 4
"187" -12.195606326 122.948419571429 37.4982712909519 40.0932881424566 1.06920363958567 28.3879729780327 4
"188" -12.1685469948148 122.991097740741 67.0243408343183 9.14040463338923 0.136374405471349 68.2136636207907 4
"189" -12.3328019038889 123.186872166667 29.9404230084718 36.585018335996 1.22192723615308 22.6085675831929 4
"190" 8.73141658823529 -83.9053137647059 18.0609784964169 24.1850752984306 1.33907890445851 18.0609784964169 2
"191" 8.65125648351648 -83.7767981318681 53.3092657812282 66.83118001857 1.25365035588435 53.3092657812282 2
"192" 8.71889561264822 -83.8385049407115 62.7635673737956 59.0404678000925 0.940680561518599 62.7635673737956 2
"193" 8.63374739130435 -83.9531586956522 7.33776016155214 1.15686484226421 0.15765912441863 7.33776016155214 2
"194" 8.46176576923077 -83.6864342307692 52.6341862213277 73.365576004359 1.39387689392319 52.6341862213277 2
"195" 8.39930211895911 -83.7417335687732 0.0450935445192055 0.0407371697847123 0.9033924970649 0.0450935445192055 2
"196" 8.84730598944591 -84.2476650131926 53.6648737847304 71.9079636736257 1.33994470875074 53.6648737847304 2
"197" 8.68909085526316 -84.1232325657895 14.1552373511174 18.3955760786277 1.29955970516988 14.1552373511174 2
"198" 8.31863990476191 -83.2811452380952 2.42489398622957 3.28175225464888 1.35335906364782 2.42489398622957 2
"199" 8.32816967032967 -83.244901978022 117.081313073587 165.307489595576 1.41190327692754 117.081313073587 2
"200" 8.45500869565217 -83.8118404347826 0.497987717754942 NA NA 0.497987717754942 1
"201" 8.77959454545454 -83.8721954545454 4.44239035679183 6.03014209389518 1.35740932461639 4.44239035679183 2
"202" 8.64336625 -83.8452181944444 0.122291036344629 0.012088465955798 0.0988499755757365 0.122291036344629 2
"203" 8.69981754385965 -83.8439219298246 0.141925724535921 0.17962699442985 1.2656408485298 0.141925724535921 2
"204" 8.70688082474227 -83.9615086597938 346.055645456953 344.062359927165 0.994239985516907 346.055645456953 2
"205" 8.34455184782609 -83.5167460869565 0.0125128776450402 0.0137855247452525 1.10170698829751 0.0125128776450402 2
"206" 8.5006796 -83.9676418666667 52.2631963891787 73.8902348564866 1.41381009891285 52.2631963891787 2
"207" 8.70548504347826 -83.9214136521739 102.766817601408 NA NA 102.766817601408 1
"208" 7.270448 134.560316 20.0918236193878 NA NA 20.0918236193878 1
"209" 7.258281 134.5547915 57.1742620801721 13.8912761454504 0.24296380294286 57.1742620801721 2
"210" 7.01173235380117 134.327392850877 68.9003519790953 90.6246115013396 1.31529968858266 68.9003519790953 2
"211" 7.97429473684211 134.468136315789 34.3969928225482 15.8972376318739 0.462169402827936 34.3969928225482 2
"212" 7.63192379310345 134.681381724138 17.6804195470244 6.48756655635199 0.366935102365477 17.6804195470244 2
"213" 7.31587 134.632796567164 19.4447048282562 NA NA 19.4447048282562 1
"214" 7.05369625 134.375806875 65.5729416158166 NA NA 65.5729416158166 1
"215" 7.6510643812709 134.479052742475 112.894251732565 76.9107628215952 0.681263763577521 112.894251732565 2
"216" 7.18611083665339 134.167580756972 36.7884682843596 13.776181616898 0.374470105969452 36.7884682843596 2
"217" 7.28797227272727 134.224232272727 58.2966275829068 82.4382464400459 1.41411690277977 58.2966275829068 2
"218" 7.82553588235294 134.68836 4.76153273088603 6.71892759265051 1.41108503761146 4.76153273088603 2
"219" 7.267870875 134.58604075 0.160659448922372 NA NA 0.160659448922372 1
"220" 7.79702548387097 134.510022903226 268.162727794708 371.167985236875 1.38411474364559 268.162727794708 2
"221" 6.99430260869565 134.308290173913 26.3310202727585 24.3364380657868 0.924249718153334 26.3310202727585 2
"222" 7.5536662184874 134.346722044818 193.030866151417 234.598854798799 1.21534373997356 193.030866151417 2
"223" 7.7944016 134.706806 0.00595481781079947 NA NA 0.00595481781079947 1
"224" 7.10796058823529 134.399393529412 82.5388002401652 NA NA 82.5388002401652 1
"225" 7.340175 134.62015 0.00380451791640203 NA NA 0.00380451791640203 1
"226" -31.9440905504 115.05381572 19.1047940929523 33.0871022743654 1.73187431978506 0.00267869282482813 3
"227" -31.9483032839024 115.136821853659 60.953892525411 75.6897172861807 1.24175362967388 60.953892525411 2
"228" -31.9847357150847 115.103700271186 2.99530717932987 5.98289673630358 1.99742342875235 0.00522316165836052 4
"229" -31.905827153125 115.073470625 2.00338223751475 NA NA 2.00338223751475 1
"230" -27.5765471847262 -144.412200602819 109.266122000447 107.207133609966 0.981156205118433 109.266122000447 2
"231" -27.5655993925214 -144.286978748578 36.5457928106472 NA NA 36.5457928106472 1
"232" -27.8823912960502 -143.491311110052 16.7434774194308 4.34656625624102 0.259597582232042 19.2529686175221 3
"233" -27.5471107475459 -144.286893334239 11.5433425291 10.903057775072 0.944532118629078 11.5433425291 2
"234" -27.5860409394494 -144.399412153288 115.689126918237 NA NA 115.689126918237 1
"235" -27.6159505080431 -144.315141663886 11.7244950232482 0 0 11.7244950232482 2
"236" -27.6531588000112 -144.418053440083 11.7244950232482 NA NA 11.7244950232482 1
"237" -27.6040455580143 -144.282695669038 29.0526511676795 NA NA 29.0526511676795 1
"238" -27.9214439727365 -143.469953974708 11.7244950232482 NA NA 11.7244950232482 1
"239" -27.8972222246229 -143.524307860061 22.4943617047987 NA NA 22.4943617047987 1
"240" -15.9680109194419 118.573793368778 4.37128565130217 6.58996458417636 1.507557526517 0.250124495265993 6
"241" -15.4567307429457 118.623000317829 0.762587212533365 1.39638860691933 1.83111988238097 0.0588037605967182 6
"242" -15.7678205559209 118.05140687548 1.4679821491562 2.79267634965948 1.90239121862941 0.100713629593063 4
"243" -14.6943961358868 118.820049056604 6.6729806157816 15.3419239044165 2.29911111507396 0.48796688506073 6
"244" -16.2074417671097 118.731997573416 0.181780314544311 0.252295859349652 1.38791628775707 0.0918154366915666 4
"245" -15.07837941341 118.797394595785 0.179772978850411 0.32624541736671 1.8147633724097 0.0212612343051354 4
"246" -15.2694146444898 118.034922762755 0.0317936921055335 0.0472621616390831 1.48652636762679 0.0167652556597077 6
"247" -26.2419862244898 113.040138265306 83.2463286248087 117.484370560888 1.41128590896051 35.9310138933138 6
"248" -25.9054336182336 112.960535327635 177.965501984126 28.5192232978193 0.160251413784471 164.253938909986 6
"249" -26.3351413043478 113.187110434783 253.025327297042 155.886552575882 0.616090706180085 247.045661499142 6
"250" -26.0716977011494 113.020505747126 369.846427832789 305.299790503153 0.825477191417358 369.846427832789 2
"251" -12.1649282222222 127.410212923077 100.77664057418 NA NA 100.77664057418 1
"252" -11.43147592 126.93564872 228.625746009668 NA NA 228.625746009668 1
"253" -11.4060733519553 126.981756513966 50.3018984165105 NA NA 50.3018984165105 1
"254" -11.433686375 126.974054575 338.777327551298 NA NA 338.777327551298 1
"255" -11.9067309290323 127.101603625806 80.267725727508 NA NA 80.267725727508 1
"256" -11.408573742268 126.928726701031 108.547039247614 NA NA 108.547039247614 1
"257" -12.1247788294574 127.438319968992 31.1213678132778 NA NA 31.1213678132778 1
"258" -12.0753686410256 127.41453349359 183.255448499599 NA NA 183.255448499599 1
"259" -11.8638260068966 127.067048103448 49.8480170843081 NA NA 49.8480170843081 1
"260" -11.893018540404 127.089554277778 135.591153471526 NA NA 135.591153471526 1
"261" -12.2038785872093 127.433758593023 183.255448499599 NA NA 183.255448499599 1
"262" -11.8771551829268 127.080523256098 124.898629491152 NA NA 124.898629491152 1
"263" -20.1349639190411 116.436333742466 23.4935809678715 14.7570285023219 0.628130233637128 17.8518791359676 3
"264" -20.1152690272418 116.452053331155 67.4755098219565 47.46514829301 0.703442603371999 63.1807925476603 4
"265" -20.0620606204609 116.630142614597 161.489913172935 201.946612630037 1.25052152584774 94.7798881541823 4
"266" -20.14796579 116.405821065789 63.8622666212218 NA NA 63.8622666212218 1
"267" -20.1207117488654 116.456061 2.63758845573412 3.72102567052985 1.41076810616165 2.63758845573412 2
"268" -20.1608226753094 116.239024941368 19.9215800123226 39.0050555116673 1.95792981719023 0.611014003716699 4
"269" -20.0715519810556 116.64875157037 366.061614655088 497.795792629025 1.35986886551342 119.469773266777 4
"270" -20.132576928125 116.22783925 73.7687390735684 NA NA 73.7687390735684 1
"271" -20.0592337429112 116.631458979206 97.2022318052296 26.5551620194678 0.273194982525485 94.1929499044069 4
"272" -20.1375156146179 116.425855481728 46.4103470606464 13.2503175237763 0.285503521584563 40.7725126304439 3
"273" -20.1216115384615 116.456086538462 143.928164326719 NA NA 143.928164326719 1
"274" -20.1240107142857 116.42685 111.606314995105 21.1772700309784 0.189749746973612 111.606314995105 2
"275" -20.1161947368421 116.440621052632 141.674169997575 NA NA 141.674169997575 1
"276" 5.43401277777778 72.8500740740741 23.62877505466 11.6548937744408 0.493250020260458 23.62877505466 2
"277" 2.24094059523809 72.9234802380952 21.4613199029829 3.26271402872355 0.152027649905636 21.4613199029829 2
"278" 6.90736225848564 72.9170198825065 7.39533495171723 10.3326339721079 1.39718268875821 7.39533495171723 2
"279" 2.81069785103785 72.8054073015873 51.0890426654845 72.2094334107283 1.41340353319074 51.0890426654845 2
"280" 2.65808653624856 72.9096336306099 108.833643811049 151.796584769256 1.39475790255444 108.833643811049 2
"281" 5.35390893382353 73.340666875 36.2915083429014 NA NA 36.2915083429014 1
"282" 5.88782911764706 73.1169938235294 0.265309775945405 0.353770324292372 1.33342362915858 0.265309775945405 2
"283" 2.90360684782609 72.819070326087 0.259411638110189 0.362111550811679 1.39589554828634 0.259411638110189 2
"284" 3.19722683453237 72.8128374820144 6.79328674339563 8.69597332885774 1.2800833613143 6.79328674339563 2
"285" 3.49919727272727 73.263613030303 0.00311626520797284 0.00380060146629665 1.21960141793226 0.00311626520797284 2
"286" 1.87373245065789 73.2282312828947 36.0300306199835 50.9441919193061 1.41393695877268 36.0300306199835 2
"287" 3.89612757961783 72.6951142675159 0.00287841135810537 0.00194406424618555 0.675394863458699 0.00287841135810537 2
"288" 2.3224434939759 72.8977181526104 25.3436531319275 6.09511436001166 0.240498649830917 25.3436531319275 2
"289" 1.93922086021505 73.2377867741936 6.47246505831501 9.14968370700215 1.4136319971705 6.47246505831501 2
"290" 2.50480672897196 72.9198268224299 37.2215990710437 52.4210318129955 1.40834980552397 37.2215990710437 2
"291" 6.36571131599082 72.5820131522571 6.90595752675795 9.39170354006611 1.35994226777052 6.90595752675795 2
"292" 3.6615986 72.6873057 0.72718851106298 1.01903969856588 1.40134185711526 0.72718851106298 2
"293" 3.05318200845666 72.9201392811839 98.9395664766174 1.42466123774385 0.0143993074608887 98.9395664766174 2
"294" 1.80729264900662 73.4020633112583 31.870029476576 NA NA 31.870029476576 1
"295" 5.05373 72.8114433333333 0.00252931244956723 NA NA 0.00252931244956723 1
"296" 3.04978478723404 73.3824826595745 19.7234224513737 9.58999995268948 0.486223928749321 19.7234224513737 2
"297" -18.9758333333333 -141.973055555556 19.0430267458944 NA NA 19.0430267458944 1
"298" -21.5036419753086 -136.651635802469 0.0141477322748016 NA NA 0.0141477322748016 1
"299" -21.8483333333333 -135.574166666667 0.606110394894086 NA NA 0.606110394894086 1
"300" -19.7857222222223 -140.646111111111 0.606110394894086 NA NA 0.606110394894086 1
"301" -22.0005555555556 -136.382777777778 0.0170669616841989 NA NA 0.0170669616841989 1
"302" -21.5138888888889 -135.657685185185 0.606110394894086 NA NA 0.606110394894086 1
"303" -21.5919444444444 -136.3975 0.0125513341941381 NA NA 0.0125513341941381 1
"304" -19.2570555555556 -140.850222222222 0.606110394894086 NA NA 0.606110394894086 1
"305" -18.71928612 -141.87329328 19.0430267458944 NA NA 19.0430267458944 1
"306" -21.3272114444444 -136.497711 0.0141477322748016 NA NA 0.0141477322748016 1
"307" -21.595467 -135.53878 0.0141477322748016 NA NA 0.0141477322748016 1
"308" -20.784542 -138.574208 0.0170669616841989 NA NA 0.0170669616841989 1
"309" -19.610323 -140.4294168 0.0170669616841989 NA NA 0.0170669616841989 1
"310" -21.5153438333333 -135.65452075 0.0125513341941381 NA NA 0.0125513341941381 1
"311" -21.461354 -136.342433 0.0125513341941381 NA NA 0.0125513341941381 1
"312" -19.1221045 -140.72748 0.0125513341941381 NA NA 0.0125513341941381 1
"313" -0.715550344098851 -89.2365438389806 62.3606063848247 37.3540885902437 0.599001368904805 56.3159625646903 6
"314" -0.671589895256705 -89.2913728857773 63.5462513767351 61.6371483652646 0.969957267815024 58.5660165168058 5
"315" -0.717831917419405 -89.4997167154522 15.4712798931683 12.0623766224547 0.779662491128552 15.1980589672091 6
"316" -0.69262442595015 -89.2504549148802 79.4580591131794 107.80774049721 1.35678799231239 44.3087207979385 4
"317" -0.79390384497181 -89.5043897757967 88.197394291931 43.1008187051967 0.48868585122293 97.3092115433913 3
"318" -0.772444448185138 -89.5674262026627 231.825310450694 462.514256793445 1.99509818791687 24.8217147540701 5
"319" -0.777446578844989 -89.5506599790563 21.6646289655871 42.151426631433 1.94563344234456 0.680124158946633 4
"320" -0.733241072953924 -89.493282360858 9.3093569240046 17.74912933498 1.90659027039913 0.462972879412277 4
"321" -0.73124878462404 -89.5206286797299 82.977147135978 115.531908645222 1.39233406585906 40.5056833553489 4
"322" -0.752995741170119 -89.3761110991951 26.9525918166147 17.9606511003665 0.666379367986971 35.932917366798 4
"323" -0.741832210017102 -89.5589253061583 0.204635642057137 0.34231672159334 1.67281084640065 0.0460650063938585 4
"324" 18.7191403846154 -110.888873923077 114.66481502328 20.8627006267864 0.181945094687944 114.66481502328 2
"325" 19.0115661538462 -112.114806153846 88.7985259648056 100.055146845086 1.12676585290101 88.7985259648056 2
"326" 19.3008768055556 -110.856109027778 25.2561639653851 35.6672742894646 1.4122205707228 25.2561639653851 2
"327" 18.7784932467532 -110.868356320346 63.8820291097767 22.6013694938134 0.353798553502028 63.8820291097767 2
"328" 18.9631606666667 -112.0599812 83.9794442314811 6.0319004272333 0.0718259150490085 83.9794442314811 2
"329" 19.3496803030303 -110.771070454545 105.103101860977 9.77380968409157 0.092992590237914 105.103101860977 2
"330" 19.2573243589744 -110.817506666667 329.949444447557 NA NA 329.949444447557 1
"331" 19.2739374015748 -110.776246220472 97.7957325635971 3.08386790455112 0.0315337676165539 97.7957325635971 2
"332" 19.2709575308642 -110.835811358025 394.51563856348 323.543636975102 0.820103451800281 394.51563856348 2
"333" 18.8253180208333 -110.89546375 110.014283689228 79.9708850403698 0.72691365483299 110.014283689228 2
"334" 19.3620177777778 -110.811209444444 56.3759564037871 79.7133545315478 1.41396012797741 56.3759564037871 2
"335" 18.7640033333333 -111.079753333333 79.1449652722574 17.8899518015533 0.226040301363607 79.1449652722574 2
"336" 18.8481520512821 -110.918997051282 112.564878120314 19.0664858903375 0.169382192818247 112.564878120314 2
"337" 10.3313975 -109.185151071429 101.121923647349 38.9557485172223 0.385235437698712 101.121923647349 2
"338" 10.2793630588235 -109.183309764706 54.243154452851 42.1469386348026 0.777000140569579 54.243154452851 2
"339" 10.2716458333333 -109.227813055556 214.318394720528 176.972428581587 0.825745400026721 214.318394720528 2
"340" 10.3312106593407 -109.253705054945 46.7115974981196 33.6073384247619 0.719464548950926 46.7115974981196 2
"341" 10.2881164516129 -109.17687483871 165.746659840229 0.861550312006954 0.00519799501744072 165.746659840229 2
"342" 10.32316453125 -109.2571778125 421.56187357235 116.114109924042 0.275437882795428 421.56187357235 2
"343" 10.264409 -109.204887666667 83.9937291651488 NA NA 83.9937291651488 1
"344" 10.2592733333333 -109.236116666667 70.4755743959 NA NA 70.4755743959 1
"345" 10.265755483871 -109.207622688172 114.142858308103 44.4633226053947 0.389540995069318 114.142858308103 2
"346" 10.338553 -109.213114 165.538557538618 NA NA 165.538557538618 1
"347" -25.9985252238806 112.95463800995 191.351806858945 110.936539198503 0.579751720245214 144.988497098839 3
"348" -26.2324100694444 113.14278 236.203978659974 82.5922599199493 0.349664981887729 236.203978659974 2
"349" -26.1315607407407 112.942911712963 170.549894176297 162.592527292348 0.953342879968469 81.0880115196876 3
"350" -26.3002613986014 113.190721958042 306.983634242647 100.316263412935 0.326780493235162 306.983634242647 2
"351" -26.1358654216867 113.105542228916 156.827020129594 5.44774754835047 0.0347373019257059 156.827020129594 2
"352" -26.3936974566474 113.175342716763 179.571617157528 27.1159140113328 0.15100334028593 188.76142602915 3
"353" -17.2329933279167 119.225373958333 128.401802477401 47.1950997336645 0.367557922264923 118.14597038532 3
"354" -17.0646140764 119.44183404 74.8967642518686 1.14424693406235 0.0152776551229154 74.2361329764683 3
"355" -16.9432769316667 119.678581366667 78.614130861875 16.0307303850094 0.20391665225143 74.2361329764683 3
"356" -17.16385002 119.3304225 77.7201232659413 NA NA 77.7201232659413 1
"357" -20.1485610889774 116.234812881806 36.6481574177098 36.001760254817 0.982362082886589 37.9376983923607 3
"358" -20.1279776960784 116.427584068627 35.9554267413598 40.0203057460733 1.11305328216388 28.7646255117791 3
"359" -20.1405018691589 116.431621495327 49.4967314697948 19.0666871999592 0.38521103583566 41.529525579368 3
"360" -20.1236723744292 116.453141324201 36.9398442215582 32.5154884096639 0.88022808690373 36.9398442215582 2
"361" -20.1349916044776 116.222735261194 59.5795442779812 44.1846043595833 0.741606954115501 62.9436266501313 3
"362" -20.1541838107098 116.224269364882 28.3534126110618 14.0619188610047 0.495951547487393 29.0677884226446 3
"363" -20.1108627906977 116.440204651163 183.882819990451 NA NA 183.882819990451 1
"364" -23.64951375 -178.967625 38.7464352115269 NA NA 38.7464352115269 1
"365" -22.3386018 -176.2423322 93.0884555307272 NA NA 93.0884555307272 1
"366" -23.922748 -179.186207 0.534840157601634 NA NA 0.534840157601634 1
"367" -22.32867 -176.1915 93.0884555307272 NA NA 93.0884555307272 1
"368" -23.91167 -179.14667 0.0017797849223502 NA NA 0.0017797849223502 1
"369" -23.95735 -179.18673 6.25836190882407 NA NA 6.25836190882407 1
"370" -21.8620031652174 113.279995771739 436.900199515624 405.24499742614 0.927545919812857 510.182549878997 3
"371" -21.8769573214286 113.855059821429 370.57122991723 524.050187096117 1.41416857216133 370.57122991723 2
"372" -21.9183979069767 113.801781860465 461.175565887942 68.7119462573178 0.148993032891976 461.175565887942 2
"373" -21.5407007894737 113.759819473684 0.19662065297882 NA NA 0.19662065297882 1
"374" -21.924816015625 113.621305078125 1.14446870380691 1.87267150552942 1.63628022269219 0.0786865584856691 3
"375" -21.7308986363636 113.723714545455 0.568244727112223 NA NA 0.568244727112223 1
"376" -21.8264155172414 113.34118954023 0.261299094676223 0.351701646581984 1.34597346009859 0.0670118340117633 3
"377" -21.9463308 113.71352674 0.000792633721314035 NA NA 0.000792633721314035 1
"378" -20.1612180851064 116.214693617021 89.0842531378902 73.6944430852468 0.82724432758254 89.5700814565307 4
"379" -20.1501986842105 116.284807894737 63.1584186749345 34.6073130558424 0.547944577807755 70.8686774861205 4
"380" -20.1195048387097 116.423669354839 77.9451941976941 36.6130458574586 0.469728072837898 96.5557376230283 3
"381" -20.1470692307692 116.439661538462 62.3941612227868 NA NA 62.3941612227868 1
"382" -20.1324333333333 116.223535294118 115.841966777554 50.8116685690609 0.438629194432034 123.638548454236 3
"383" -20.1285060869565 116.43200173913 113.62484047703 60.8419417797238 0.535463385684784 108.231138965438 3
"384" -14.0221170056897 125.489014544828 15.6919658837183 5.74430070948233 0.366066352173408 15.4324182950286 4
"385" -13.8627385830243 125.493075333933 29.3492369105485 19.3219769673421 0.658346826059984 24.1498208484197 4
"386" -13.7264000903146 125.684397216826 144.161540027224 190.979367293713 1.32475948340763 58.168986663764 4
"387" -13.8609596041333 125.95574704 82.7640519148658 117.760268556278 1.42284320102417 33.0185122488462 4
"388" -13.989074391 125.918485172222 49.5224302955749 37.1348202865411 0.749858600737115 46.9664282118612 4
"389" -13.871376480472 125.905548283186 64.9737637669776 15.9780905025619 0.245916037123321 70.1745206997313 4
"390" -15.3459930089401 118.015785082949 0.283856865517222 0.32062345076141 1.1295250871498 0.286271926326228 4
"391" -14.7029966773535 118.806902026643 0.0907834541156625 0.122829072098474 1.35298963115001 0.046072735145609 4
"392" -15.3315724843359 118.700918527344 12.9519120660336 25.90061642479 1.99975233716375 0.00228584784153709 4
"393" -31.9366545226667 115.136917333333 24.1060556289679 34.2680656816337 1.4215542438413 8.1175197116065 4
"394" -32.0050393333333 115.185402666667 102.077014767422 131.558363398986 1.28881476107756 102.077014767422 2
"395" -31.979844192 115.055491 41.7379932071118 59.0252475905627 1.41418508785672 41.7379932071118 2
"396" -31.9785129032258 115.114874193548 5.39960266894242 3.72055923323043 0.689043150272971 6.65410330023611 4
"397" -31.9333813490323 115.215275564516 69.987893761784 117.192246579002 1.67446454350929 4.66345703294824 3
"398" -32.0165062567532 115.238286567532 55.1831918194848 66.4721832455302 1.20457300590683 55.1831918194848 2
"399" -20.14964641625 116.237580767857 215.697059513463 143.257924206483 0.664162620156359 196.616926731755 4
"400" -20.1486660369048 116.384713666667 95.7003479727691 53.4079636941261 0.558074916397618 77.1621245332983 3
"401" -20.1366860880992 116.424726669421 97.4239872272325 64.3362691978172 0.660374010845591 82.0941674316827 4
"402" -20.1424249703448 116.198936241379 88.1324566436429 29.539668063753 0.335173546599234 86.1717671987079 4
"403" -20.118876034717 116.438264735849 194.127785780604 184.581089459953 0.950822617781052 118.015417497776 3
"404" -26.1904833710811 113.100907018018 83.323932720202 67.6002940539413 0.811295048697953 96.8874580758695 4
"405" -25.8851673899123 112.898825412281 97.1097552183935 67.6408279611834 0.696539990334273 113.751218974822 4
"406" -26.403984451875 113.116651972222 140.114513997035 129.983118914833 0.927692037083206 121.07446320829 4
"407" -26.479854765618 113.279836089888 247.698166801017 151.465720764563 0.611493103565195 287.311041273319 3
"408" -26.2225104549315 113.179714109589 138.82600463152 NA NA 138.82600463152 1
"409" -26.0630780951327 112.996128371681 154.810155271872 26.6641933339264 0.172238011693094 159.174680765514 4
"410" -10.71660963275 143.93823765 50.9987876064426 40.7854782327714 0.799734271087242 50.9987876064426 2
"411" -10.6742184972 143.9149002 65.9041965307687 25.0105664090731 0.379498844165355 65.9041965307687 2
"412" -11.2528601403571 143.084547071429 14.240256646795 4.98400482527765 0.349994030929167 14.240256646795 2
"413" -12.1874185763636 143.322090363636 83.5722244729174 66.660274987591 0.79763671971174 83.5722244729174 2
"414" -9.91896021486842 143.404391684211 51.1643539667922 45.9973176072902 0.899011011399544 51.1643539667922 2
"415" -11.907597985 143.3107084 24.0606212868171 2.68915807809492 0.111765945111663 24.0606212868171 2
"416" -11.5005443610345 143.224220482759 35.1828143279132 35.010267040146 0.995095693989712 35.1828143279132 2
"417" -9.88515304352381 143.447583428571 48.6312768971525 44.133643986913 0.90751563197176 48.6312768971525 2
"418" -19.1416666666667 163.667666666667 146.098325082058 NA NA 146.098325082058 1
"419" -19.0858333333333 163.700116666667 80.1248696554844 NA NA 80.1248696554844 1
"420" -19.4323303030303 163.215648484849 719.971056739562 NA NA 719.971056739562 1
"421" -18.8642967948718 163.548281410257 95.1007433492007 67.8380896744778 0.713328700548459 95.1007433492007 2
"422" -19.2414666666667 163.14325 36.5130993438019 NA NA 36.5130993438019 1
"423" -19.0994666666667 163.659883333333 719.971056739562 NA NA 719.971056739562 1
"424" -32.0210306376351 115.122994148405 46.3551539991957 76.6261709127645 1.65302375899979 4.27690138619561 6
"425" -31.929628374806 115.051622417635 8.28699238958106 2.00537445639064 0.241990623632276 8.89972162248545 4
"426" -31.948388304874 115.097255682246 1.00188136294854 1.75788050826952 1.75457950739403 0.00521964431884988 6
"427" -31.954559473347 115.20353347105 72.7323193187497 47.5649687469532 0.653972940674414 83.220266584582 4
"428" -12.0958775531897 96.8202683683621 21.1248179421515 20.5874150132513 0.974560588859424 21.1248179421515 2
"429" -12.1240605859375 96.8184006315625 221.619868613189 26.7015279927077 0.120483457371379 221.619868613189 2
"430" -12.1623191337209 96.8002096155814 459.611428972175 538.873430551662 1.17245437468067 459.611428972175 2
"431" -12.1997127958824 96.8128237632353 66.4407202099181 NA NA 66.4407202099181 1
"432" -12.1116490332567 96.798693519387 126.500819544875 NA NA 126.500819544875 1
"433" -12.0729446521528 96.8178812782292 134.918660686994 NA NA 134.918660686994 1
"434" -12.1789458470726 96.7774714926776 67.6367765335635 72.5661065272788 1.07287943403496 36.7445548458155 3
"435" -12.2266782837931 96.8339088306897 24.5118347365435 17.737325464881 0.723622921561123 24.5118347365435 2
"436" -12.08031661 96.7736764381284 39.5803050474742 45.8311497460051 1.1579281587404 39.5803050474742 2
"437" -12.0800074135478 96.9256898119652 458.744204760033 640.887666898608 1.39704798501782 458.744204760033 2
"438" -12.0374598358065 96.88012145 5.26871239490665 0.0967146166741864 0.01835640464408 5.26871239490665 2
"439" -12.2228556677778 96.9398493233333 197.987635370945 279.996456229936 1.41421183047791 197.987635370945 2
"440" -11.5397321364039 143.266278389163 43.3363992504814 4.33022843898517 0.099921278968212 43.3363992504814 2
"441" -11.622496857767 143.103120789644 102.445316655892 113.931001766238 1.11211527754778 102.445316655892 2
"442" -12.1747223439535 143.310792162791 18.9280570419997 1.43236894904915 0.075674378298356 18.9280570419997 2
"443" -12.1831498187654 143.326752925926 18.9345816715329 6.1669216600635 0.32569621906858 18.9345816715329 2
"444" -13.4748022528351 143.893303778351 118.288707583219 17.7403859023437 0.1499753126465 118.288707583219 2
"445" -10.2498165608696 143.690246 151.225290641233 NA NA 151.225290641233 1
"446" -10.0209736430834 143.613566494192 35.7836927192532 26.5149790118176 0.740979395833884 35.7836927192532 2
"447" -10.0198748201439 143.728154748201 41.8215967383202 7.4992868759424 0.179316129961891 41.8215967383202 2
"448" -11.5942884820028 143.140930521862 9.00600600038184 4.58400675442302 0.508994414863666 9.00600600038184 2
"449" -13.904483539 125.700010391667 75.6835576266889 96.0774881035614 1.26946315839784 75.6835576266889 2
"450" -13.8979749435294 125.858023376471 22.3178378430292 18.1827476687833 0.814718154897901 22.3178378430292 2
"451" -13.5166665922222 125.726865694444 11.3894892900959 13.1792388135817 1.15714045449274 11.3894892900959 2
"452" -13.9350959273228 125.599934748032 179.240617751334 50.3743108041978 0.281042943481056 179.240617751334 2
"453" -13.863064177 125.738769666667 8.1240261327428 NA NA 8.1240261327428 1
"454" -13.715061996 125.7663779 13.0363357852532 5.63973311686705 0.432616435305907 13.0363357852532 2
"455" -13.951701444881 125.602711309524 131.650605606647 91.4763049804439 0.694841505353661 131.650605606647 2
"456" -13.7875086627273 125.935397272727 2.91655322189757 4.1027190096892 1.40670123174364 2.91655322189757 2
"457" 38.5277882051282 -28.2919676923077 0.420065412815817 0.593870827471243 1.41375797519334 0.420065412815817 2
"458" 38.5036779808714 -28.1992776726886 0.348216386569817 0.418079405981765 1.20063105042284 0.348216386569817 2
"459" 38.0506951724138 -29.3036231034483 83.7554032864645 25.4645572076054 0.304034799050638 83.7554032864645 2
"460" 38.3818195 -28.0455845 0.478715701279725 0.0947523317335584 0.197930277783374 0.478715701279725 2
"461" 39.3328431118143 -31.2174732489451 29.3468752332062 40.8609617331719 1.39234454804706 29.3468752332062 2
"462" 38.357668974359 -28.2425425641026 26.5499079557723 32.9335054730789 1.24043765153313 26.5499079557723 2
"463" 38.9893283142726 -29.906155615279 192.210408850552 NA NA 192.210408850552 1
"464" 38.5542278723404 -28.3203355319149 0.00904668226788008 NA NA 0.00904668226788008 1
"465" 39.5170872007722 -31.0655487837838 124.308348809645 NA NA 124.308348809645 1
"466" 39.3610840993789 -31.1190502795031 0.734388403406269 0.960344341723858 1.30767906637625 0.734388403406269 2
"467" 39.6306684 -31.11567 0.0201809686069126 0.0239415187192616 1.18634140836337 0.0201809686069126 2
"468" 39.3752918226601 -31.8880347044335 43.8985382348914 73.0846974787026 1.66485492267744 2.05896888918958 3
"469" 39.7202962962963 -31.0522351851852 64.514284665244 49.9409974434574 0.774107590320415 64.514284665244 2
"470" 39.669024 -31.07276 102.538138496725 144.947309329544 1.41359411682877 102.538138496725 2
"471" 39.3146078 -31.3121100727273 0.0528850951093711 NA NA 0.0528850951093711 1
"472" 39.70054 -31.0336657142857 111.345283685323 157.412514052663 1.41373310878198 111.345283685323 2
"473" 39.403635 -31.12081 2.89390008892844 3.51495314529282 1.21460763581315 2.89390008892844 2
"474" 30.1782444444444 -15.9250402777778 35.3998795239886 NA NA 35.3998795239886 1
"475" 30.1314125 -15.93976875 0.0009075800274878 0.0010904182691971 1.2014568811253 0.0009075800274878 2
"476" 30.0994611111111 -15.8772944444444 12.9167533809422 NA NA 12.9167533809422 1
"477" 30.1884151515151 -15.8143893939394 1.93019637763985 2.72873688581507 1.41370946367211 1.93019637763985 2
"478" 30.02385 -15.95005 2.38792040435866 NA NA 2.38792040435866 1
"479" 30.1179916666666 -15.8159333333333 18.7284350870274 23.5769828271 1.25888696613157 18.7284350870274 2
"480" 30.0230333333333 -16.115 75.8875967590358 NA NA 75.8875967590358 1
"481" 30.1157587719298 -15.8970456140351 0.066146747278652 NA NA 0.066146747278652 1
"482" 30.0777666666667 -15.9855333333333 0.000829978341902603 NA NA 0.000829978341902603 1
"483" -33.5387671432036 115.384066243949 156.61586784008 NA NA 156.61586784008 1
"484" -33.5886546299078 115.222243067347 25.3950244662643 47.4416358613571 1.86814688540192 2.55582639118414 4
"485" -34.7609636363636 119.522981818182 76.6092671092893 107.755029506186 1.40655345720074 76.6092671092893 2
"486" -34.7238648648649 119.574459459459 165.608476095526 18.1088588826273 0.109347415721535 165.608476095526 2
"487" -34.644803030303 119.813863636364 77.3706448946502 106.678278716039 1.37879526351751 77.3706448946502 2
"488" -34.6469383561644 119.886068493151 152.80357918007 0 0 152.80357918007 2
"489" -34.6170833333333 119.962055555556 191.702084037758 102.786285648881 0.53617719475932 191.702084037758 2
"490" -34.8184973544974 119.413037037037 57.3102982932453 80.5309141679238 1.4051735301719 57.3102982932453 2
"491" -34.6174123723529 119.931319196078 199.731912092585 114.142177387541 0.571476917192035 199.731912092585 2
"492" -34.722582 119.663181333333 135.912391811263 23.8877462615513 0.175758412777573 135.912391811263 2
"493" -34.78346 119.363305142857 47.163224551254 63.9609159766944 1.35616079233908 47.163224551254 2
"494" -34.7567142857143 119.527857142857 193.917585365414 125.56823949278 0.647534050386208 193.917585365414 2
"495" -34.7179056475155 119.677856062112 270.231016835859 146.978517114296 0.543899508040455 255.616356419129 4
"496" -34.6525372676923 119.989555615385 34.2633903091955 61.6333363025167 1.79881020956574 5.24140764970877 4
"497" -34.7534734503636 119.559258545455 54.6711664808252 63.1183744594752 1.15450937893584 53.8914722914127 4
"498" -34.6951902601695 119.859932932203 114.720202091973 229.39301603095 1.99958692408023 0.0350098159701238 4
"499" -34.7854786653938 119.459120973747 12.9862051341788 24.5329990774291 1.88915844343626 1.07883893736753 4
"500" -34.6217750869565 122.019276073913 36.1429254950348 70.844559290757 1.96012243946576 1.06614345937659 4
"501" -34.117921242236 122.09134291135 0.139912632664134 0.188014702516872 1.34380076292474 0.139912632664134 2
"502" -34.09293893547 122.029386350551 68.8168239252519 80.4793199764483 1.16947158247036 60.8579053749968 4
"503" -34.1149725141563 121.893725865232 100.208294195653 126.631391540671 1.2636817396914 61.4563529952332 4
"504" -34.0595919647004 122.269870131909 1.43815515638011 1.94743670559292 1.35412142212436 0.522029532810244 4
"505" -34.6155789767442 121.894078976744 47.5381242087346 90.1919216178995 1.89725453242279 3.67150443320345 4
"506" -34.100506476875 114.77100575 52.3815820511304 94.3888396335372 1.80194709547724 0.0044883172852921 6
"507" -34.0063294556818 114.776290204545 72.6066414134805 62.1433353888928 0.855890510552592 104.045642532309 3
"508" -33.9611785994521 114.724085054795 46.0118811963907 53.0007318366141 1.15189230386806 44.8598695870186 4
"509" -33.9512285941667 114.733733270833 73.7490448731419 67.9405818196974 0.921240158927673 77.624421351618 6
"510" -34.1142245658495 114.856216203807 2.36479735528909 3.18056131165727 1.34496146341827 1.3642935451529 4
"511" -34.1084410221194 114.684787878622 1.91479966437363 2.47781094636008 1.29403142922036 0.431802730626902 5
"512" -33.9913029303255 114.733178715657 16.1518422226406 25.1176623637905 1.55509582235655 0.0270288283776046 6
"513" -33.975805633024 114.855014814318 1.37860527189181 2.7499854957521 1.99475916117627 0.00484242688273314 4
"514" -33.5288394280303 115.193105181818 354.929697440384 442.957017003675 1.24801339588688 354.929697440384 2
"515" -33.5093981970833 115.246621504167 212.676314758943 NA NA 212.676314758943 1
"516" -33.461075 115.2766717 0.000981570181873882 NA NA 0.000981570181873882 1
"517" -33.5829065712871 115.213464330693 0.234786551789412 0.0836763078983384 0.356393103696119 0.234786551789412 2
"518" -33.476037997 115.12225136 0.174928970172259 NA NA 0.174928970172259 1
"519" -33.4932032384615 115.305135923077 1.59329257788156 3.16756490016866 1.98806229573996 0.0140772322721662 4
"520" -33.4025543217143 115.190702728571 3.25316120090091 4.33169330899376 1.33153355812622 1.02160801843472 6
"521" -33.4681738529167 115.139201916667 0.930882445229003 1.61113364295037 1.73075950804296 0.000801848360253055 3
"522" -33.3821873333333 115.367586666667 13.3376773167302 4.64867113239761 0.34853678208023 13.3376773167302 2
"523" -33.469725 115.374386666667 15.7908629357467 22.084633911831 1.3985704265621 6.34460192020363 3
"524" -21.6049651297436 114.239310461538 94.8593767430157 73.4958950268395 0.774787876015123 70.7343100088527 4
"525" -21.9895770822464 113.818327355072 185.248182615636 154.741756765586 0.835321321811042 181.072631727757 6
"526" -21.8466865820225 113.834359629213 247.576270112551 208.798074056573 0.843368687805382 259.844464242398 6
"527" -21.7276117293056 113.926733611111 263.041049561123 243.223018551801 0.924658029450582 231.559682448875 4
"528" -31.9242069518717 115.117536363636 0.977281056559795 0.155984201316118 0.159610380523705 0.977281056559795 2
"529" -31.9551886363636 115.101752272727 205.22068685427 140.882992235387 0.686495081928218 205.22068685427 2
"530" -31.946052222 115.080851086667 78.6919020136331 108.268585130015 1.37585421573948 78.6919020136331 2
"531" -31.9412818181818 115.091603030303 16.7736316918379 23.6713221343083 1.41122224269577 16.7736316918379 2
"532" -31.9764472233333 115.1076611 0.0354792910172345 NA NA 0.0354792910172345 1
"533" -31.9613892561983 115.167275206612 4.630156670839 9.25406872280114 1.99865131585802 0.00368699847222554 4
"534" -31.9947380434783 115.027132608696 0.885936599836824 1.74345829921321 1.96792671116006 0.0203912242044864 4
"535" -32.0010870967742 115.148808387097 0.777107627701197 1.73127389214364 2.22784313321568 0.00361679206004496 5
"536" -33.9353658333333 124.183857532051 176.403567917949 347.574496556844 1.97033711199375 3.9357603025789 4
"537" -33.8108683 124.269523473 25.5342202956107 24.4073503743323 0.955868246289388 25.2606976070442 4
"538" -33.8005376129548 124.374167090364 64.1323909117905 11.7096111019366 0.182584976724824 60.2088215072632 4
"539" -33.8245421574803 124.30289724252 69.131101133181 69.3636505795079 1.00336389038385 53.7886707199169 4
"540" -33.8892965818831 124.258350796519 33.1320789563858 41.1825227785089 1.24298034037407 33.1320789563858 2
"541" -33.7187536107383 124.375272146309 26.5228155801292 42.39299929728 1.59835969032792 8.20520437719547 4
"542" -34.2477513888889 123.278957833333 27.4122849450239 25.8237468787202 0.942050140311558 27.3709103250219 4
"543" -34.0943871597633 123.326646597633 26.4039945938754 25.5429891881431 0.967391092939701 21.1128653287619 4
"544" -34.21291112 123.140409888 21.9931371228199 36.3450908669199 1.65256510082905 5.82577444423181 4
"545" -34.2298866607774 123.460803592462 0.596075916356291 0.402849873581057 0.675836521031765 0.707055815177764 4
"546" -34.3360234117647 123.609653717647 194.886983914652 233.235520261509 1.19677320453402 125.908570801015 4
"547" -34.312897826087 123.520730782609 5.03117029795791 7.09749832447451 1.41070524433556 5.03117029795791 2
"548" -33.8994830857134 114.792077940785 19.6938501529374 34.9193875039088 1.77311126228411 2.91929980984981 4
"549" -34.1005840093236 114.714679592712 92.7924134758857 131.437687000178 1.41647018410977 43.262295289688 4
"550" -34.0941324916708 114.860896973263 50.8552793713774 57.9704282118161 1.13990973854414 30.5012167460575 6
"551" -33.9636266266862 114.760286521873 47.8034913822766 94.3277846702804 1.97324048814671 0.962337794248667 4
"552" -34.053125175732 114.747429395264 36.9749989337994 52.2874939521734 1.41413104692145 36.9749989337994 2
"553" -37.0320542857143 -12.2853814285714 7.2391802369136 NA NA 7.2391802369136 1
"554" -37.1329775 -12.3959275 82.4739946303998 5.22778524442678 0.063387074530034 82.4739946303998 2
"555" -37.1817057142857 -12.2204621428571 7.38787264828516 10.4332682197322 1.41221549374622 7.38787264828516 2
"556" -37.0300149295775 -12.2694629577465 81.428952778209 29.1594962005412 0.358097399090518 81.428952778209 2
"557" -37.02983 -12.30454 0.000561774450008847 NA NA 0.000561774450008847 1
"558" -37.31767 -12.61412 1.40441402872895 NA NA 1.40441402872895 1
"559" -40.3330884615385 -9.85028384615385 101.411931399686 68.9910057866561 0.680304623276996 101.411931399686 2
"560" -40.2699925 -9.86657375 72.4042670387215 63.262783535569 0.873743856860485 72.4042670387215 2
"561" -37.46734 -12.4730975 36.2972301033829 51.3238841080686 1.41398900031452 36.2972301033829 2
"562" -37.38396 -12.46161625 66.8647501535145 NA NA 66.8647501535145 1
"563" -40.33374 -9.864175 45.8290396322025 9.50384119083286 0.207375962208792 45.8290396322025 2
"564" -37.1037248461538 -12.1680778461538 44.3306313106851 62.6848290474198 1.41402969445894 44.3306313106851 2
"565" -37.268225 -12.726535 1.33393985626705 1.00320191988263 0.752059333986793 1.33393985626705 2
"566" -37.43518 -12.5397866666667 67.5425406895671 NA NA 67.5425406895671 1
"567" -37.19492 -12.3166338297872 24.1689696129561 34.1719336345133 1.41387631255058 24.1689696129561 2
"568" -31.954931666875 115.05830083125 8.95466919415554 NA NA 8.95466919415554 1
"569" -31.961497407963 115.070998138889 6.05714637502594 6.16908810077445 1.01848093455526 5.77913718585083 3
"570" -31.9762770267568 115.130085578378 1.94861613736623 2.08400100024597 1.06947744108428 1.69049050527446 3
"571" -31.9442555566667 115.120100033333 0.017267576956757 0.0204993803053655 1.18716021111137 0.017267576956757 2
