ID lat_in lon_in mean_max_size STD CV median_max_size BRUVS_Number
"1" -20.6650707306141 116.427350395936 14.2062613544839 24.1982165353103 1.70334868066275 3.08085224627327 44
"2" -20.5171217468806 116.581392335116 13.4582175508478 22.4169859257289 1.66567272679559 4.29355437225957 32
"3" -20.3294641563394 116.465718303146 8.83655421452357 14.4891575266894 1.63968410931891 2.48009448285524 20
"4" -20.0968299574694 116.399395108985 23.999315164784 23.7371146668454 0.989074667500371 13.0629413761085 38
"5" -20.4508152758133 116.529263507779 10.1353294118873 17.3832687614276 1.71511630801456 3.65239879827681 10
"6" -21.8937855654762 114.160450297619 13.7223306054498 36.9494074400313 2.69264810056076 2.050737 20
"7" -22.3321703979174 114.189610710301 16.8489437926744 36.3780673956286 2.15907108737849 2.04156556224457 49
"8" -22.1085048833819 114.486945991254 4.92736077665978 12.7389872663923 2.58535711992819 1.567102 37
"9" -22.3440198032787 114.174775213115 21.4975078495845 42.1765361361601 1.96192676989651 1.76160136884255 34
"10" -22.0243057268722 114.448775770925 2.10700902389338 2.91172705575361 1.38192434049155 0.7713848 13
"11" -21.9479 114.4188 7.19453415491394 NA NA 7.19453415491394 1
"12" -21.6123114864644 114.28066289591 17.295392220315 26.7103498004629 1.54436218966397 9.1939665 20
"13" -20.893524964327 115.191309129889 18.3155606503077 29.4305953300313 1.60686292338732 8.06558951463575 27
"14" -21.4301991424763 114.746451429083 21.8311837396139 38.7673186065333 1.77577721249204 7.165909 29
"15" -20.7382159967426 115.230988560666 20.4450421568873 23.6515604881343 1.1568359853035 11.907673804649 30
"16" -20.2751323197721 115.306687977388 15.0480740313194 17.7203994108988 1.17758587404724 12.6931592199078 26
"17" -20.6269384258706 116.426765181144 68.7638776405929 147.159597537843 2.14007124942836 8.64082210497452 15
"18" -21.7891579119691 114.148014029472 46.8284713251256 68.7329923554288 1.46776075345749 13.3943697182792 24
"19" -20.5943621644216 116.461960155784 10.7598744724121 19.0501714582935 1.77048268612587 6.77018359308702 18
"20" -20.4121033238487 116.823105810197 14.2695630419118 17.0049914236477 1.19169671654987 6.31714893732275 12
"21" -20.9025029381188 115.91597858474 46.6404750707481 100.116492831995 2.14655817034731 7.50011023344232 26
"22" -21.7440493375175 114.269285800467 25.9858136457779 50.7159897749568 1.95167988450487 7.93478140824161 34
"23" -21.5595488911908 114.728338090219 23.5278073060434 40.9120522685169 1.73888079481203 8.13084681625211 31
"24" -21.4614133733584 114.932258158366 37.6386138092375 121.51176151684 3.22838035780737 6.597621 27
"25" -21.6488197600109 114.493074854634 24.4749193389377 46.725430234824 1.9091147794096 6.4057781147072 26
"26" -21.3246701341997 115.099209510988 27.7136840509871 54.5021500088321 1.9666151172309 8.54400275372275 27
"27" -21.1448215316551 115.616657916765 22.6152685275815 49.1329779613772 2.17255779658132 8.146312 27
"28" -9.88232367191456 143.304815690347 76.9154120261287 95.7629396615047 1.24504227616922 14.4714 13
"29" -10.0087318082664 143.549296221384 18.3397289497238 39.9597295342921 2.17886151119447 3.47813505169621 14
"30" -9.9494275171018 143.293408628381 10.1512012887118 6.75554105948456 0.66549178440553 10.7084921037791 14
"31" -11.5644711639558 143.000019456424 29.9920299527156 36.2148023610421 1.20748086802184 13.8361418413163 15
"32" -11.253206899884 142.907517099681 15.5436841553924 20.0615511736933 1.29065612586663 9.45265961200769 16
"33" -11.5206865587045 143.007385290148 11.4734248920882 3.69120637728262 0.321717918755715 13.8361418413163 16
"34" -9.96343306953839 143.388382317669 13.7753330676829 19.3573523913909 1.40521846522923 11.21516 15
"35" -10.71676103624 143.96771075118 21.5961616937915 14.5239220101858 0.672523303729533 15.8157479848482 16
"36" -12.2444591954023 143.224977586207 18.1861810934908 51.7541075717985 2.84579303954707 2.42704009331011 14
"37" -11.9650430400619 143.266735384353 15.6954458809023 28.0019393574065 1.78408052691758 9.26190577954371 7
"38" -10.76410908021 143.973182270505 15.3364583898841 13.5571763910746 0.883983514734852 11.21516 17
"39" -10.06003635153 143.777880866084 42.1087362044744 50.8658786034604 1.2079649780146 14.6934259206582 12
"40" -10.7362053291307 143.972101672892 25.1863239114018 16.8180346319741 0.667744713009137 19.3724761330954 17
"41" -11.7408872672152 142.973851028758 7.02584626838402 5.0943668541508 0.725089428312033 7.46295378586944 6
"42" -10.002099949904 143.530748753902 19.9740531320465 64.851732985586 3.24679886234694 2.65399916315811 17
"43" -10.147757060858 143.623581145015 7.45467060832769 15.9729755455529 2.14268025842877 3.91012761513075 18
"44" -12.2463558196497 143.214865093949 9.44189150927585 20.3550199747118 2.15582015051907 2.39132175119459 20
"45" -12.2521318072435 143.242499484549 14.1563487170448 30.5471588972054 2.15784165167006 6.03932621323004 19
"46" -13.5037776714835 143.733723972527 7.69602955925272 6.59032124843505 0.856327434516113 6.85086368863407 20
"47" -11.4545560126781 143.043292096296 54.6035242401815 94.6510070739607 1.73342304166347 14.4964436389911 20
"48" -11.5400802157633 143.027649559533 28.605899429561 33.1045611642758 1.15726342553193 16.7805629884735 20
"49" -11.5994210264602 142.940515678693 13.5563898154114 12.9781012836107 0.957341995938821 10.3453222022817 20
"50" -10.1904187321646 143.676284461669 16.1772227197003 18.1743522481177 1.12345317629739 8.35829 15
"51" -12.2422727252078 143.206859800978 19.4738617262295 25.8384525310969 1.32682735937756 7.55894246294922 19
"52" -13.9865808863815 143.986672188948 13.465729607764 12.5199524340008 0.92976413448716 11.0714064380688 18
"53" -11.5978173702214 142.938122324009 15.3714640137199 16.4274885890474 1.06870032512095 9.80106521348352 18
"54" -13.5126770981573 143.719251294181 20.2322347209407 31.373894714362 1.55068854958911 3.610941 19
"55" -13.3833963194028 143.69585579173 19.239116382015 44.2906946721291 2.30211688482391 4.92883552269348 10
"56" -11.5490119798348 142.997596689018 23.2216872901 21.0645426315302 0.907106463383931 18.2336775892646 20
"57" -12.2466990181458 143.274646233221 15.1741087432452 19.7431814981209 1.30110979380648 10.4712628761376 18
"58" -13.6452434289986 143.733365912378 12.7390633861956 21.304037511363 1.6723393914853 6.35915295897363 18
"59" -11.48480684158 143.028095680667 22.243701710765 22.1434178584314 0.99549158437577 17.7578547181471 17
"60" -13.5003977829142 143.739232112808 23.5937496634749 46.0607068246988 1.95224190650817 7.37710674928696 19
"61" -13.5121471206321 143.721419457336 14.4671741484966 19.8193500988402 1.36995310178801 4.1914757559471 19
"62" -13.5386672690385 143.755131048077 6.35323645540252 4.18630311894553 0.658924494363134 5.63036190659001 13
"63" -12.2265391300957 143.271473636364 40.6301211431655 73.7916147294023 1.81618003228166 7.37710674928696 17
"64" -14.0404400610625 143.942474810625 15.2622370251996 15.178175054635 0.994492159280071 11.6038098922145 19
"65" -13.5315775575 143.77034121978 20.7858072942403 28.524030257737 1.37228397501986 7.107205 18
"66" -14.0668947452257 144.014800097127 19.695333597272 22.5350359457117 1.14418148006557 9.87487252635209 19
"67" -12.2468997547834 143.233784160237 16.7056840547522 22.8921347839146 1.37032010834675 8.648005 19
"68" -13.5118346835294 143.716562114706 11.1676073581282 25.7088057564976 2.30208718233506 2.96089005146507 18
"69" -14.4026729864576 144.906878688525 11.1610923285591 21.1269423356772 1.89290991542266 2.99471254085017 19
"70" -13.9103884579638 143.907622782805 14.6527938146413 34.4719504201087 2.35258551073474 3.57107790729963 16
"71" -14.0766640796495 125.68130305258 31.8030632965507 41.1556500647993 1.29407817357213 11.2963337569722 18
"72" -13.930249004837 125.63141888963 12.2517590110522 10.8643744432834 0.886760377304417 9.574786 15
"73" -13.8641954662123 125.818029849075 23.7640241286228 29.4896350162223 1.24093608290454 11.71092 17
"74" -13.8686154842919 125.757095376906 30.7265250481951 37.2316589421705 1.21171069243177 9.574786 15
"75" -13.5780470717347 125.957120251701 27.3140048007742 34.0314515045522 1.24593415549182 5.842646049736 9
"76" -13.8125995825884 125.828271138573 22.395582532412 31.4371040681268 1.403718971035 9.574786 18
"77" -15.5537430249764 123.16299867217 7.64260646051076 3.10094346392579 0.405744228745562 6.41169329382041 15
"78" -13.9367584165772 125.723319827181 25.1440906989274 35.7313372838008 1.42106301284242 9.574786 15
"79" -13.814742740365 125.784826233577 11.5122743727236 6.71851200906676 0.583595542596269 9.20219649984307 13
"80" -16.98229398 122.381413 1.45773677056112 NA NA 1.45773677056112 1
"81" -30.3345445779449 114.953767940536 8.75691455999655 10.4701144164825 1.19563966791594 4.78120216927508 32
"82" -30.289261490567 114.690921261456 5.90751425609465 5.97289745671258 1.01106780242646 3.04021682910628 34
"83" -30.3434570379205 114.818464676902 18.1792333727942 39.52217549049 2.17402872167515 3.222445 31
"84" -30.3413516561361 114.901292408682 7.92523353499885 16.5791222045486 2.09194115622373 2.11554101708581 30
"85" -21.5989240143369 114.720615412186 3.17484786913994 2.39198890070625 0.753418431149659 1.99249798700117 5
"86" -21.5566727311828 115.059094451613 3.84899191420665 3.65044576756489 0.948416065539414 2.44629292813664 30
"87" -21.4252464114833 115.141331020734 6.78638668437241 11.6524533552053 1.71703351093129 3.50471594922555 18
"88" -21.5712160294118 114.732398382353 3.19071190628605 2.40693103248373 0.754355486542618 2.5621236235997 6
"89" -12.513476478222 124.173028749403 26.1788568090594 41.4884565442122 1.58480780298453 8.68615043067688 16
"90" -13.4396232523524 124.026303606413 12.2617287949629 15.8230018209424 1.29043808467224 7.69138136285629 30
"91" -13.4702042815745 124.067622251677 12.2191063500352 20.7971514864826 1.70201902583676 6.321404 32
"92" -13.0690191855236 124.584258116814 10.3112212009091 9.12944264475501 0.88538907922469 7.1609842421014 8
"93" -13.078674093643 124.579961622606 21.4828441992633 23.9852797049607 1.1164852978724 11.0096971235001 16
"94" -12.5170012724731 124.17639136577 42.6012545044715 77.3868579262829 1.81653941477616 15.7359603997786 7
"95" -13.9032124939666 123.906673184855 13.136805714065 8.19174027661187 0.623571700374722 10.5069696404224 24
"96" -12.563054924712 124.005229790756 22.6725601399006 22.5373742380682 0.994037466391171 12.0075927268349 22
"97" -12.8834745629956 124.336471045918 22.2058688472722 26.3521891045541 1.18672182051509 11.2355821361454 8
"98" -12.5709101871691 123.598099040207 11.1468174566864 12.9795428523776 1.16441692014898 7.16931936285629 16
"99" -12.8040282819065 124.281987026128 25.8951229602243 25.4830185515662 0.984085636152756 11.5633471077114 24
"100" -12.5464214315253 124.033980361168 19.8483030560304 23.627116808331 1.19038472667579 11.64146 23
"101" -12.8817810125075 124.344584210678 8.80897904340709 9.06149781627339 1.02866606579741 5.03462453926639 15
"102" -12.5464958930144 124.032648564637 20.727941918683 12.3504089943005 0.595833828691336 28.6857922145045 7
"103" -20.4390063878492 115.566592511387 28.4535108419166 53.7559763497043 1.88925636095892 6.90240219567784 41
"104" -20.4508702572823 115.473698771926 38.154349934867 52.6724709526919 1.38051024437866 22.5800061607478 39
"105" -20.2263438202247 115.348101048689 13.7226686875064 21.3577493026362 1.55638453343125 5.21098146280852 20
"106" -20.2644224470135 115.441726989403 21.9724479665973 32.7956856515659 1.49258224215263 7.84584219539994 30
"107" -20.3446159804321 115.592125046881 12.3582638059762 19.4758796710253 1.5759397903132 4.1293379226563 30
"108" -20.3628471830986 115.352629978873 25.0790874819342 38.1963477026766 1.52303578550023 8.64919653781217 30
"109" -20.4530780487805 115.386492268293 29.0800795244003 41.9782045287744 1.44353816135721 8.99368678338721 10
"110" -22.4424889712794 167.165708036554 13.4717046880568 7.71468817528748 0.5726586466913 12.5273928145307 4
"111" -22.3839050508475 167.073110635593 5.33286872654104 5.27178809384274 0.988546383601324 3.72498520499308 4
"112" -20.2073979428571 163.944204228571 8.467436793894 7.01276293917784 0.82820375396659 8.30924950021047 10
"113" -19.686609390681 163.612084767025 76.1613969590244 160.483736197261 2.10715326405585 10.7608845 6
"114" -20.6909593782383 164.249061588946 10.7106321136992 7.7769246028714 0.726093896262623 10.1080380056494 4
"115" -22.3361238132296 166.229775525292 149.020231401164 375.435776759203 2.51936111781041 10.82511 7
"116" -21.4019309638554 164.926645662651 5.64987081124655 6.95783471767977 1.23150332992209 5.64987081124655 2
"117" -22.3686810643564 167.094531935644 48.1957565379181 56.205420349363 1.16619022890829 23.7337262936742 4
"118" -22.4104347207547 167.154145860377 25.2054046077856 15.9906698972202 0.634414330817006 26.9922265343798 4
"119" -22.4272556025641 167.207450974359 161.559762494629 147.544122296436 0.913247952449434 161.559762494629 2
"120" -21.6468263953488 165.428670581395 2.02412669187371 1.92809507634369 0.952556519354463 2.02412669187371 2
"121" -22.392671704918 167.164708898361 14.9547845943479 8.04340590458679 0.537848328997449 13.1220468186651 4
"122" -18.47466 163.098 12.17182 NA NA 12.17182 1
"123" -18.4758648929664 163.094987798165 18.3898085458485 15.1991189928859 0.826496858572086 12.17182 3
"124" -21.0032999305556 164.610157916667 12.021562796215 18.9254529501417 1.57429223395984 2.79309191251675 6
"125" -18.47566 163.096321976744 383.966582546241 NA NA 383.966582546241 1
"126" -22.02134775 165.9544225 2.76234582414647 1.98002168871022 0.716789936800191 1.901715 3
"127" -22.4434596571429 167.106172824762 18.3623536044167 8.50057726067906 0.46293505962299 18.0166175298982 4
"128" -18.0415 162.955406666667 32.895588344119 1.62964256256686 0.0495398515302191 32.895588344119 2
"129" -22.387458186227 166.879780339476 11.5666695006261 10.630045139017 0.919023850248472 11.3707116915885 11
"130" -18.2132861861282 162.987522380158 12.3925462698972 5.18742835947184 0.418592615794595 12.0721489108158 8
"131" -22.3132494179104 166.247240328358 9.81742370810103 14.3163325508329 1.45825758126539 3.829095194836 12
"132" -20.9334165930599 165.503691104101 11.5487780161389 14.5216865473489 1.25742191312843 5.29138606564699 12
"133" -20.2219481296296 163.876119964506 47.9948187125884 64.8867187008702 1.35195257407757 19.9468082311395 8
"134" -20.215848875969 164.447145736434 5.94099231709404 3.99774453996963 0.672908552409151 3.74611176271734 6
"135" -21.009361605948 164.612641333829 8.32060281523031 7.30586278373686 0.878044890012532 6.133536 11
"136" -22.3894248366959 166.291739132362 26.2302149276532 37.3195049929461 1.42276779263452 11.14329 10
"137" -18.0489853 162.951231978788 34.5638772330378 31.7365888545332 0.918201064092367 28.4939501548606 8
"138" -22.858224048913 166.805912880435 11.4516977431467 13.0874111574498 1.14283588782999 5.65349551322228 8
"139" -18.3037658793309 162.993785910394 19.081703662674 7.24173369736139 0.379511904459927 18.4866180071103 8
"140" -20.3872323232323 164.654334646465 8.86290522828014 6.0398681835244 0.681477238891389 10.9717113146432 12
"141" -21.980315489555 166.909081861944 9.920621345995 7.36359354086897 0.742251244559564 10.4251171076119 12
"142" -19.6142623561191 163.352940566703 44.952195193577 48.4403982520633 1.07759805819193 20.4050606773509 6
"143" -22.6503265251989 166.91791734748 14.5988275760032 13.6080080906616 0.932130201539593 14.1802900301211 4
"144" -21.2239013658537 165.852263853659 2.24393816871392 1.83155703904577 0.816224379344417 2.479095 3
"145" -21.6449285613208 166.393592346698 16.0937383179962 30.5796297323204 1.9000948771564 5.46604248814713 12
"146" -22.4754463819095 166.399258869347 33.8768060131448 51.1471457340419 1.50979834740607 11.63649 9
"147" -20.3928554139535 164.698798176744 4.258797131609 4.59621623499478 1.07922873359744 2.06667685840467 4
"148" -21.4114300992736 164.970010062954 11.7515814391464 6.54759040599307 0.557166747292579 13.4717794062296 8
"149" -18.4592835416667 163.188844454167 16.6164746870415 13.6851645218977 0.823590128450661 11.7634688124592 7
"150" -18.2882133209302 163.07930292093 20.4097405986936 13.9679320220588 0.684375774131733 14.8174876672744 4
"151" -22.0115791535433 165.938677980315 8.31350802371541 8.08883921956253 0.972975451095737 6.12040209335883 8
"152" -19.6755161428571 163.9716220625 12.6782797439405 5.72998309906625 0.451952726615363 10.8700014062296 4
"153" -22.8923947318612 166.965193911672 3.29898517664974 3.8072790352837 1.15407582375079 2.25505942470818 7
"154" -18.32423 162.961120166667 22.83776 NA NA 22.83776 1
"155" -21.8746313986014 165.76029013986 12.7046654928654 18.510720679757 1.45700181481772 3.45562343647771 10
"156" -18.1509197649123 162.821540319298 18.3978105373702 10.2446834900547 0.556842536738022 22.5234722655445 5
"157" -22.092601386673 113.814750495049 53.0352966393256 60.3084352120309 1.13713769948658 35.1944964245587 3
"158" -22.6169068677191 113.554598412698 21.3368227370332 22.8107380515822 1.0690784814925 21.9406228099139 27
"159" -23.6071370455672 113.238562393999 28.3813222858988 33.9384046682637 1.19580068632411 14.2389422227267 20
"160" -22.0485908390063 113.806064465409 24.7639288702276 35.5967807437954 1.43744479845408 18.6662875160563 17
"161" -22.1984820005797 113.749982258065 74.2716786013368 124.333996466481 1.67404317241651 33.7171 10
"162" -22.1281985027784 113.793916425121 33.5800075 43.3983900305556 1.29238774084716 17.786715 4
"163" -22.1534665676367 113.767844029851 36.499053205486 31.0250535494076 0.850023516356429 21.9406228099139 12
"164" -22.6836193944485 113.486688888889 16.0341305214867 9.17632292028811 0.572299377754928 18.0999376312417 15
"165" -22.8433124865139 113.717590032662 15.5687162655113 12.5936433743455 0.808906987549365 12.7937285871908 29
"166" -23.2604911330159 113.756417986711 27.7685131146635 32.4335613132936 1.16799776708846 12.7937285871908 30
"167" -22.119809944728 113.867038736673 14.3292008488022 22.4124435171225 1.56410980302478 3.47603840716407 17
"168" -22.4573615985704 113.727478161968 14.5499343953608 11.7942352778009 0.810604017675947 12.3803755041055 29
"169" -23.797563009302 113.399815269735 31.0585380354794 86.661710827987 2.79027012568943 6.34250766728467 24
"170" -23.8081419634305 113.425961875149 7.02772408413945 6.80870378474915 0.968834818104967 4.060083 28
"171" -23.7540541053423 113.272324478064 6.50064822101791 3.51475536074857 0.540677674171732 5.71353 21
"172" -22.2407073468625 113.787522310875 7.15489794738093 8.0394892555024 1.1236343711157 4.30326084683188 28
"173" -22.1400226811114 113.814606629116 11.2240374816518 19.5646156528626 1.74309963636929 4.84270382407388 28
"174" -23.7782195146042 113.337175589277 20.2191951116534 36.5833275122637 1.80933648991689 4.04843522606235 16
"175" -22.0868864646407 113.826559339112 10.8790036398858 20.5914403446599 1.89276895442569 3.47256086321356 27
"176" -22.8303689256333 113.515097936508 30.5457094551404 38.5456660847553 1.26190115640836 18.777615 20
"177" -23.7560425828195 113.292412917301 5.02699434432361 3.63624666751497 0.723344093597589 4.304199129916 28
"178" -22.7733696367556 113.573193561077 28.3235118899254 54.2302613265124 1.91467292393928 6.638387 29
"179" -22.2805857301504 113.775537651435 10.6453603721544 9.82567735386048 0.923000914047212 5.69114658685398 31
"180" -23.7866461608999 113.328603134503 5.66519423745088 4.6570960698162 0.822054085812194 4.28796946158763 20
"181" -22.1659929663742 113.838187477735 10.9304463992887 19.4043607477081 1.77525784756338 3.804692 21
"182" -22.7193188576256 113.614255422972 25.7022780509496 55.7379905093731 2.16860117997648 5.99622028812839 23
"183" -22.8118655317571 113.677610986857 17.5155506578592 27.4248329095837 1.56574197667478 6.4303055 22
"184" -23.813415284101 113.464439204857 10.0878955417327 13.8984349249526 1.37773382639184 3.29808117843034 15
"185" -22.7718853066942 113.641587909825 8.85711722708587 17.1875356674489 1.94053383587245 3.71669313597278 35
"186" -22.21505703865 113.793313984758 6.97794268947018 9.22224247037362 1.32162771762086 4.504039 18
"187" -22.8627744175824 113.703276725275 6.71655018125066 5.54796139258155 0.826013540115991 4.837852 9
"188" -22.6705766703768 113.595640043705 16.3806494680047 24.6967705501073 1.50767957023596 6.9535691733918 34
"189" -22.3332246345257 113.733626143079 18.7723641038495 26.1468771887226 1.39283880517536 6.638387 21
"190" -22.1712485072145 113.788838838612 16.9770891219841 14.4400535264857 0.850561213570284 12.00418 11
"191" -22.3105826530612 113.774001496599 11.2175189471216 12.0953520032604 1.0782555447668 7.17376261935495 4
"192" -13.9456417489422 143.839141043724 11.0212205183116 17.7213497502702 1.60792987680687 7.37179854059715 18
"193" -14.4647222222222 144.887430555556 3.72341024403031 3.79010882541897 1.01791330447554 2.63404291297745 4
"194" -13.6678324022346 143.895134078212 5.41595036761696 3.42853993813244 0.633044933098419 6.00457979105768 6
"195" -14.2886560402292 144.7681888125 15.5563091288847 16.7910099618962 1.07936977998971 10.8555802110451 15
"196" -13.949876870102 143.972076307347 16.1662477257202 15.1687462042605 0.938297276004704 10.8555802110451 17
"197" -14.0606650389109 144.000353762376 10.8555802110451 0 0 10.8555802110451 12
"198" -13.5254720496894 143.775931677019 46.4870752308254 92.146994647022 1.98220675724335 10.8555802110451 7
"199" -13.9087719565152 143.841260424242 5.13046601562814 3.8489265457323 0.750209929080109 6.16787354342635 6
"200" -13.4759813108901 143.826430070549 12.2601810645685 12.6348597538604 1.03056061630074 9.611088 15
"201" -13.524640625 143.77958125 10.0730467463719 8.1255668181845 0.806664261844225 10.6011592128432 10
"202" -13.9809369995586 143.904494739898 37.0667603514735 46.5785475348548 1.25661231500106 7.88385709497314 11
"203" -14.1432173913043 144.225652173913 2.72187403086121 3.14689965620424 1.15615183528848 1.29803858374882 5
"204" -13.4761104972376 143.739276243094 8.97283703842633 13.1354626348094 1.46391409746512 3.205632549809 7
"205" -13.6513565891473 143.727178294574 7.50530773168846 6.43426734114873 0.857295606145815 7.38967904388642 6
"206" -13.5890578188034 143.770140555556 13.548620326414 10.4081892849066 0.768210270429902 9.78099560898211 14
"207" -14.0740611112308 144.224174358974 7.49447916904368 8.20635197242108 1.09498629422013 5.867506 7
"208" -14.0445504724277 144.012453606936 33.0656917668271 31.9211815416964 0.965386775114173 21.1710946029655 9
"209" -13.997985915493 144.008014084507 31.1722899134076 25.3185115657371 0.812212116468455 32.07059 3
"210" -14.0571232876712 144.248719178082 9.32888514069673 2.64431342950831 0.28345438813183 10.8555802110451 3
"211" -13.477374953271 143.733485981308 15.5237511336783 19.8227806091578 1.27693238821337 9.5639899951385 7
"212" -13.9359888888889 143.888977777778 24.2798461055831 29.0489793526491 1.19642353688434 5.654899 5
"213" -13.8073 143.782566666667 89.067965561057 143.991504579567 1.61664750814208 9.611088 3
"214" -13.797 143.755 23.0731949724294 NA NA 23.0731949724294 1
"215" -14.13725 144.22825 6.78420445214059 8.79652063034486 1.29661785584444 6.78420445214059 2
"216" -26.1224120221481 113.233541974454 8.93418760866072 41.4267453436459 4.63687882527643 2.05271137732297 65
"217" -26.1399688706429 113.178257283295 4.73390697075464 10.1911147092917 2.15279150440658 2.42968684250229 61
"218" -26.1021613339305 113.245358340007 9.16805947847116 15.5751468365724 1.69884879926299 2.558661 54
"219" -26.1501657681831 113.19719438683 4.92963505607188 7.83768293537919 1.58991139226938 2.558661 69
"220" -26.0457807736769 113.221626686281 7.29178620091186 14.9548434818705 2.0509163420069 2.427989 50
"221" -20.1166966216216 116.433637837838 4.24055890681322 2.54952160339457 0.601223013150059 4.280805 5
"222" -20.1493395196507 116.219373144105 12.70877322087 20.9979088029967 1.65223727247838 3.04107055015755 14
"223" -20.1404844613918 116.342126882745 13.5822675063619 20.0883686288868 1.47901435599596 5.68422886162307 16
"224" -20.1332096551724 116.431235862069 7.56139434120865 6.96469314129229 0.921085824519903 5.59203635789298 17
"225" -20.1542938650307 116.216891411043 2.37167946714942 0.951609562183689 0.40123868986708 2.38112719037457 4
"226" -20.138729 116.2031965 2.78031222442695 0.86356678148778 0.310600649056877 2.6554256027644 4
"227" -20.1616979865772 116.221812080537 6.91241665088167 8.13956188983392 1.17752767243793 3.69140208487774 6
"228" -20.1412929292929 116.342842712843 6.20923093151355 3.62902795382716 0.584456914850573 6.31153047462975 17
"229" -20.118263322884 116.436426332288 11.1247915441252 24.3543792697851 2.18919870751612 2.654177 11
"230" -20.1407135678392 116.213263819095 10.3168443168027 17.4642453926029 1.6927894670427 6.25193597646019 22
"231" -20.1301687533729 116.431101079331 17.6202223240122 21.5600521535069 1.2235970555335 9.71453770277179 8
"232" -20.1414379310345 116.423617241379 6.91935049831239 3.13548095636453 0.453146716173615 6.570677 9
"233" -20.0728099173554 116.636718044077 11.5960563285972 21.9492014658494 1.89281604399593 2.8131923273733 22
"234" -20.0647174718196 116.63891489533 5.73793959101562 12.4334149108152 2.16687797311133 2.642544 19
"235" -20.1143929411765 116.428908235294 33.2749433410625 58.6870570079053 1.76370118519431 4.80385293909083 4
"236" -20.1200224315069 116.462464726027 5.51641445325885 3.05635895415715 0.554048101362578 5.1821266932162 11
"237" -20.1303624197002 116.436284047109 9.34012831604031 8.27072360715716 0.885504280808797 5.1048125556046 10
"238" -20.1513792482381 116.22559036805 15.0219791358697 28.0036271339531 1.86417694237675 5.31600562066515 19
"239" -20.1413881748072 116.421335475578 11.6586715813464 16.4137549767337 1.40785807904524 5.37671180362226 7
"240" -20.0646598726115 116.643977866242 13.5193109675204 26.4489599481614 1.95638372485876 3.26862134423553 15
"241" -20.1286893772894 116.437098190476 26.9767307445631 37.2073630284741 1.37923914431228 7.6607192418725 10
"242" -20.0570403567447 116.636345121516 11.539171195044 24.0064087692275 2.08042747294866 2.472409 17
"243" -20.1395397283531 116.420972018676 12.547157020114 30.6331085335156 2.44143820663187 4.26851382382209 18
"244" -20.0703522556391 116.654472071429 11.8596264813698 13.3132282256652 1.12256724497849 6.43685105219858 5
"245" -20.1248648148148 116.436867611111 28.6646965266208 41.1934926722266 1.43708106708788 7.312108 3
"246" -20.0719898190045 116.635617719457 15.5409050644861 29.3235670233492 1.88686353218636 1.900462 25
"247" -20.1245618547297 116.430348150338 9.24360006692452 8.96644697533908 0.970016758667746 5.09945481132612 10
"248" -20.1258275132275 116.431928126984 14.1744544505003 22.6326522875353 1.59672122596128 2.76650654186942 5
"249" -20.1358328358209 116.426889837178 5.79591027130488 2.70133591615814 0.466076214038761 5.955306 20
"250" -20.1251913043478 116.437631014493 3.44459402110375 1.38360831770473 0.401675294454986 4.24042617992625 3
"251" -20.1135 116.438380137931 12.64869 NA NA 12.64869 1
"252" -20.1323588911223 116.427061976549 6.53608343013608 4.64754037174744 0.711058911873571 5.20708713908879 20
"253" -20.126220873385 116.435503875969 11.0226625092881 15.7030666099626 1.42461647507855 6.66463288801602 18
"254" -20.1461005904059 116.22535301353 4.64686230921759 4.52251473782198 0.973240530250068 3.019757 17
"255" -20.1438415613682 116.208718309859 7.89577718625642 11.2430193399323 1.42392814218494 3.8296510735035 17
"256" -20.14018168 116.4102892 20.5704778071212 43.0582032601815 2.09320384601252 3.31652958991577 6
"257" -20.8678321418039 115.507781122251 16.6023248003505 28.7217332202254 1.72998261180983 4.273242 26
"258" -20.8895034356527 115.569418530337 10.6872749240917 18.0909434793764 1.69275550670031 4.273242 25
"259" -20.8788911078473 115.491324496497 14.6596649299002 30.3313447384041 2.06903397065642 2.24163952504435 30
"260" -20.7997555148998 115.479542654035 21.2616097692691 45.5257866040108 2.14122011917519 2.19923589734175 23
"261" -20.8505790921067 115.478411121513 9.4573434702557 19.5951941663833 2.07195543103749 2.33730105008869 27
"262" -20.7632992266949 115.490039172914 16.9216078413989 31.1088361441092 1.83840899964607 3.19175120862638 15
"263" -20.5705662381847 115.543160746168 12.1621290079079 25.7433741694521 2.11668320182376 2.145978 13
"264" -20.6963248034657 115.384172419654 4.56772938612391 6.310162619656 1.38146595085632 2.558661 25
"265" -20.8260380816313 115.494146549326 14.4877646898889 25.2754514524155 1.74460670734494 5.323072 43
"266" -20.7382918227122 115.487063573964 5.95011910963337 7.02562020458132 1.180752868158 4.221584 19
"267" -20.8195247636111 115.500858223502 12.0343533971113 16.1727305543728 1.34388030837244 4.41778449022528 32
"268" -20.8636397869824 115.492715327092 20.9579312251947 32.4402624731481 1.54787522320666 2.558661 35
"269" -20.9413883221759 115.524643988677 19.1221144333067 29.2941799998745 1.53195297005703 5.323072 35
"270" -20.8670895613501 115.527327062201 17.6407270521118 25.7769583724296 1.46121859355812 13.58918 17
"271" -20.5465495256328 115.565064122702 3.67204810741035 1.75595832298509 0.478195892761178 2.75644504018454 12
"272" -20.5146251802494 116.718258978675 4.03507589844185 6.60096823071405 1.63589691912933 2.02312747050707 28
"273" -20.5599197928089 116.717230887617 7.20860838300498 18.0148456314099 2.49907397853401 2.21001816400991 18
"274" -20.4266296618738 116.7878153535 5.74901413543785 9.27173421838252 1.61275203016637 2.92005225385621 36
"275" -20.4554761917783 116.653973884408 4.18336753060899 4.54702302347823 1.08692888927603 2.81783241531258 28
"276" -20.3983767403704 116.788069405321 9.61367164041262 18.0136542338302 1.87375384843673 2.723459 23
"277" -20.4271808891198 116.682688857479 12.2889988788521 38.2154027979674 3.1097246549295 2.23602290687648 26
"278" -20.4132889862353 116.709227194245 39.6450459993775 87.0613090928854 2.19601987835384 2.944873 29
"279" -20.5372249408134 116.719535648148 37.2154962015901 97.5549156503961 2.62135200675432 2.28953152504435 20
"280" -20.5071366280003 116.697132525697 26.2139343439005 82.6792418419288 3.1540188037881 2.84173096928424 28
"281" -20.5096878600094 116.760859571833 14.649797403213 50.6419567560095 3.45683666211675 1.830494 21
"282" -20.4930486030125 116.691642860734 18.2510451697544 47.0326302657569 2.57698284280723 3.19175120862638 16
"283" -20.4308777156729 116.722185854491 11.4489226718525 18.2217630755286 1.59157010644567 5.794757 35
"284" -20.5214830622484 116.682778580678 7.05747263621055 20.6643491126088 2.92800980999685 2.19923589734175 24
"285" -20.3958853169113 116.750412647753 9.22023902895497 10.3731199014519 1.12503806776337 5.43724649546467 21
"286" -20.4543096067735 116.727254104868 9.46535864731634 16.7035488965891 1.76470322139615 4.273242 42
"287" -20.7708205990543 115.444736545102 13.5996751244208 24.2982072516092 1.78667556609328 3.1127121900198 35
"288" -20.7909188402464 115.482421760481 17.5078108129302 28.223984344955 1.61207958245188 4.69186659438826 30
"289" -20.877730956681 115.521201974927 23.6271039573992 34.4259901797018 1.45705500944058 3.73602 19
"290" -20.8509873301875 115.532077922515 7.6987098300714 15.1865892777518 1.97261484235092 2.454168 35
"291" -20.7511865890492 115.430701321975 13.2558287182608 20.4381902117492 1.54182666705661 2.111839 30
"292" -20.8165666762661 115.494274711549 12.7999770915761 26.8742626195141 2.09955552476734 2.111839 10
"293" -20.8060786395315 115.475930433231 19.1160971045229 27.9334241080252 1.46125142361911 4.69186659438826 14
"294" -21.7922965169231 114.129730948718 2.59585118659216 5.00209639391251 1.92695807053534 0.907557 10
"295" -21.7896343414875 114.1407078475 8.87611675681099 24.3291669578663 2.74096968578039 1.468982 15
"296" -26.2778167972614 113.260008064315 7.6749622234595 6.80051972867799 0.886065563670312 4.66785780003521 9
"297" -26.0773485284741 113.152729722963 5.80347679096017 3.69741085172496 0.6371027204734 4.0917003260792 8
"298" -25.9515264701456 113.063210956311 42.8070160208306 39.1037808359616 0.913489994652583 44.6039532598786 10
"299" -13.9420388920946 125.637852914022 10.6479957586348 18.8696841803039 1.77213483251079 6.58535322558967 18
"300" -14.0902076865109 125.72513933685 23.6461276208655 32.9351460574811 1.39283465713933 10.9043029934631 19
"301" -13.8887591715976 125.747726331361 31.1138057243476 32.8045851026406 1.054341773336 17.709838768281 17
"302" -14.1631314285714 125.762846761905 15.137006698926 23.7287494490791 1.56759852994996 6.85032012824997 19
"303" -13.8929445967742 125.80323766129 36.7384238567894 33.902648108728 0.922811719982447 26.461371760394 20
"304" -13.8346642259414 125.831076359833 23.0771200735562 25.6969063773751 1.11352310407315 10.4254639766404 17
"305" 19.0423791734007 38.0269202310017 8.13764527493605 13.5846052243333 1.66935332831156 4.09214881628358 7
"306" 19.2261712329073 38.0007180266854 2.42447054315764 1.01881979199907 0.420223621554979 2.12828815565886 6
"307" 19.217329999458 37.8065535795218 2.63038547592466 1.13591611343982 0.431843972617933 3.04242477444939 5
"308" 18.961155609554 37.6942502334389 3.35460509330369 2.45974190650933 0.733243358933473 2.62271388649346 6
"309" 18.5175035136225 38.6669394669113 10.4082451198157 15.7080148064277 1.50918955362822 4.463979 6
"310" 18.8738405450099 37.4511081422544 2.62676845761474 2.18061986228231 0.830153055919684 2.0533464506399 10
"311" 18.8834642575314 37.417529675523 4.09214881628358 NA NA 4.09214881628358 1
"312" 18.8708838885377 37.7506902028302 0.867843810012995 0.668328630854573 0.770102434497477 0.701359817862146 5
"313" 20.1032831247709 37.3408342022251 3.30208368084689 2.10520651121193 0.63753881327199 2.95136328673133 10
"314" 20.8460839409948 37.2716494456544 2.61697283641901 2.2378861540738 0.85514305801357 1.78285637858954 6
"315" 18.7342031865011 38.4912829921523 2.73559716323785 1.19702979717412 0.437575317470104 2.82588589895833 6
"316" 19.1339203639201 37.6169584074047 3.11259271653127 2.02884783019055 0.65181924362129 2.84944422347023 6
"317" 19.3002557612457 37.700460349481 2.05192722846502 1.74470418648091 0.850275858850057 1.35902155197014 6
"318" 18.6837768353957 37.7507209604317 0.823886940348489 0.287686285248935 0.349181751961318 1.01277609506806 5
"319" 19.6338204379903 37.2837874137772 3.00507995143811 2.0116632023874 0.669420858977378 2.11203262174143 5
"320" 21.2007780532787 37.2170583703415 3.51219316159481 2.70376562768993 0.769822587565831 3.38138601064994 5
"321" 19.7284285833865 37.4979779014343 1.12103910883072 0.478088942844906 0.426469459520969 1.03109995509839 6
"322" 19.1535556800284 37.9802354337589 3.05104245329198 0.822605257154283 0.269614490701929 2.95849137146488 7
"323" 19.4513040988153 37.4211748004878 4.57815544558441 4.30084641136148 0.939427781009403 4.09214881628358 5
"324" 19.2114387012336 37.6673399490464 3.80455521085572 1.20955037386857 0.317921624692763 4.09214881628358 6
"325" 20.9335712158294 37.1839126376303 2.79332135453072 1.69261292321906 0.605949945742429 2.96270471910455 3
"326" 19.5169268712943 37.31684952797 6.67227442538955 6.66994509768973 0.999650894499939 4.09214881628358 6
"327" 20.7503484232026 37.2340594706373 1.11445278753226 0.590578015725962 0.529926455685647 1.11927914286888 6
"328" 21.2170492503137 37.2170795640392 3.17888272768432 3.6653367366241 1.15302672373012 1.76708419309526 6
"329" 19.6338611282069 37.2837311282069 1.81057775717908 NA NA 1.81057775717908 1
"330" 20.3349459316162 37.3168320989899 3.55472115447838 3.59372952284289 1.01097367885393 1.81057775717908 3
"331" 18.7378357191803 37.7503919672131 3.22526649604695 5.46398875456849 1.69412008628293 1.01277609506806 5
"332" 20.93355024 37.1838966036364 4.653286 NA NA 4.653286 1
"333" 20.3338134858896 37.3168470785276 3.56822766312245 3.77594622693535 1.05821337185395 3.56822766312245 2
"334" 18.4465340799373 38.4378081350784 2.39091597910919 0.99702960073425 0.417007376857185 2.36153184641354 6
"335" 21.7506867716437 36.883913475872 1.03470253119724 0.339870553804034 0.328471752563293 1.10459679197539 5
"336" 20.5839622435666 37.3337104500512 3.06709632946648 1.11958139204576 0.365029745329359 2.8749171336372 5
"337" 18.817523527883 38.1339701406407 3.120393506882 3.0959534136163 0.992167624624332 1.76708419309526 5
"338" 21.0004498676471 37.3005176397059 2.37601233238497 2.42698349041269 1.02145239624096 2.37601233238497 2
"339" 18.4543387328281 38.4340204183258 3.20773789399846 2.65361319193109 0.827253746914888 1.92780759654763 6
"340" 21.000486754717 37.3005283773585 0.863105681045792 NA NA 0.863105681045792 1
"341" 21.7668390792308 36.8838309207692 1.01277609506806 NA NA 1.01277609506806 1
"342" 21.2008477358491 37.2170505056604 1.81057775717908 NA NA 1.81057775717908 1
"343" 21.5001893037475 36.9669474263708 1.25740910368744 0.330811171798309 0.263089531345193 1.09744338241792 5
"344" 21.7667668675444 36.8838405584911 2.3860133895984 1.23607530652174 0.518050448463657 2.1583341156938 4
"345" 18.8173463588636 38.1337860729545 1.01277609506806 NA NA 1.01277609506806 1
"346" -12.1968134661199 123.130554752366 13.4590608893698 19.2939631350621 1.43352967147216 9.207263 16
"347" -12.2368022527948 122.995116996361 16.0096645301494 18.0614293938681 1.12815789236901 12.6648216812799 18
"348" -12.2483443855566 123.151704319569 11.3026929582371 16.8415650808586 1.49004888862215 7.19912206904454 15
"349" -12.2928871094449 123.021486011454 34.3207111964217 23.6470557379362 0.689002497722182 40.0659540130726 11
"350" -12.2234245928102 122.985872023462 24.1561453996131 22.7567615986327 0.942069242512392 15.08793 17
"351" -12.237976133931 123.004454628955 16.213377086332 26.8413853945998 1.65550861191203 5.77120295538347 19
"352" -12.2578160435196 122.948437656735 23.4344112957463 15.7524498532472 0.672193111849431 19.5800898150666 10
"353" -12.2264933096935 123.012961725415 28.3849263639871 40.4850605071634 1.42628731841729 12.6527127387813 19
"354" 18.7501259977528 37.7502953101124 3.83161124836843 2.33716036073696 0.609968028915294 2.80827751112958 6
"355" 18.9668082833099 37.7002503028169 0.798936784747939 0.417263040664738 0.522272911487463 0.956149554243816 3
"356" 18.7341426388184 37.7503963285303 2.67759835096931 3.22602485709407 1.20482030321173 1.49314354807923 4
"357" 21.2007832459459 37.2170975702162 3.09856520024766 3.80117458961584 1.22675314023149 1.18728677648444 5
"358" 19.933728833137 37.4001826206116 2.65684213084203 1.86375413710804 0.701492239780678 2.49829329855573 6
"359" 20.2175284982037 37.3008091768034 1.60612980180167 0.608333527359047 0.378757387277573 1.65737635207495 6
"360" 19.3002540054348 37.7004626413043 2.39209125137535 0.347701453014906 0.145354594150617 2.17968715701459 6
"361" 18.6921127099605 37.7505787075099 1.54056148728112 0.503597325750984 0.326892064944297 1.74902619746206 5
"362" 19.2002398064993 38.0008038833087 3.45828484549493 1.64211498465374 0.474835086760683 2.84035847918999 6
"363" 19.1370074308178 37.6008826728972 0.931338719797497 1.27327272481238 1.36714247753946 0.32239635 4
"364" 19.5170034823901 37.3174873807418 20.6135979863439 20.5227692276541 0.995593745509636 20.6135979863439 4
"365" 20.8342047190966 37.2834694979128 0.802500569084462 0.228270763687943 0.284449348052634 0.779843626140939 4
"366" 19.2338859469417 37.7006172731152 1.99969240250549 0.925331868158388 0.462737102465862 2.15622811792147 6
"367" 21.0335610299512 37.3345905078049 1.53930750341041 0.562590951446093 0.365483147583992 1.54611491290196 4
"368" 18.8675910234454 37.7508303501401 2.26857836678225 1.32266997714329 0.583039138744569 2.49829329855573 6
"369" 18.7340630024031 38.488052519845 2.14970081109604 0.941002748508941 0.437736611370195 2.23860798453818 4
"370" 18.7984954912639 38.1669224196009 8.51831771196611 14.800479340341 1.73748853245401 2.15622811792147 6
"371" 19.134243427 37.6168835618889 2.08221343872279 1.02680965834953 0.493133719749387 2.08221343872279 2
"372" 18.7338949761644 38.5000136986301 1.87568430331481 2.19918391860661 1.17247018313268 1.87568430331481 2
"373" 19.200897302521 37.6672919748109 6.26614774700139 11.8167406262376 1.88580625662591 1.69321677733124 6
"374" 20.3338079401116 37.316885443817 1.70921493010039 1.23328154586671 0.721548544976886 1.79190355896074 6
"375" 20.8841696625 37.2334204479348 2.11903735858729 2.70472776260153 1.27639456267289 0.5482105 5
"376" 21.5004174708249 36.9673214737827 2.95800391665345 4.08772800291554 1.38192109209247 1.417741 6
"377" 21.000475155 37.30077974 2.8604419108624 2.67701501300355 0.935874629314341 1.9283295 4
"378" 18.4340834061765 38.4501649754902 1.00529320216094 0.93590715551117 0.930979293900902 0.611579262243961 4
"379" 21.7508763809524 36.8835111615238 1.04272424781406 0.399042136795234 0.382691912681398 1.31778564585538 5
"380" 18.5416593324793 38.4341878944628 2.22602479560007 0.82342968703039 0.369910384043326 2.22602479560007 2
"381" 18.7341882700682 38.4893691003138 1.73361407468626 0.485969553291959 0.2803216473539 1.91261262571008 4
"382" 19.9220829382002 37.4006036746872 5.09368106159673 2.77080151479883 0.543968395604702 6.48941341748288 9
"383" 18.6841178771311 37.75055 4.3185287338096 NA NA 4.3185287338096 1
"384" 20.9273489148733 37.273656087357 3.69554241524008 2.67955560200951 0.725077756098607 3.60628073914141 12
"385" 18.6837843172 37.7506243866667 1.43235842336299 1.25037398436395 0.872947695192265 1.43235842336299 2
"386" 19.2009623793103 37.9756981606466 4.97712861513085 4.30047040218886 0.864046468302044 4.97712861513085 2
"387" 20.8366010976934 37.2244926361465 2.63339937232576 3.44833122861072 1.30946003285678 2.093136 11
"388" 18.4657891959569 38.4338880168733 2.60375898590554 1.96548979719264 0.754866255990695 2.58278906739927 4
"389" 20.9335359514483 37.1909460962759 0.805998216717189 0.681257155533338 0.845234072983539 0.441880409137297 6
"390" 19.4971479269286 37.5057992819464 2.36789691664341 1.64876125605946 0.696297733432015 1.76273957446823 5
"391" 18.8825771601875 37.75042935 2.94749520835449 2.94148345862496 0.997960386937192 1.62823 5
"392" 18.450629973545 38.4340449251323 2.71389046802736 0.909552327836236 0.335147029164136 2.27514732168519 5
"393" 19.6337340448657 37.2837733955224 5.17173971236945 1.88392017364256 0.364272039665243 5.24495434205409 4
"394" 20.5840147585862 37.3340231387931 4.16141255923981 4.36321866536502 1.04849461649197 2.093136 6
"395" 18.7501930135593 37.7502885220339 1.62823 0 0 1.62823 2
"396" 19.2338866943777 37.7006391759657 0.850832539781683 0.173436761505535 0.203843592477125 0.850832539781683 2
"397" 18.8672721691964 37.4671921602679 4.76029290430441 6.43240445004679 1.3512623234235 4.76029290430441 2
"398" 18.8837040025862 37.4334170887931 3.35553771332168 4.4319695236163 1.32079264256847 3.35553771332168 2
"399" 19.137236333418 37.6103193110854 2.13368470384627 1.09411014637533 0.512779673774216 2.093136 6
"400" 21.5003386995305 36.9672749944601 4.82909884402962 2.53732115291269 0.525423321175061 4.47383165679262 6
"401" 20.1832567868564 37.2997816481752 3.87784623328426 2.77550175695703 0.715732803723467 3.03930619184474 7
"402" 18.8004021247637 38.1507188090737 4.19720445724669 5.10170080087973 1.21549971006806 1.99646447436056 4
"403" 18.9174320510497 37.7008205745856 0.616028347059055 0.158626512344873 0.257498722424322 0.616028347059055 2
"404" 19.26568525 37.8039628017241 2.73175328246366 0.669508176636679 0.24508369073245 3.0561010159124 3
"405" 21.2109107804608 37.2171398351613 1.78661501920051 0.93060569693678 0.520876454600286 1.52333601473857 4
"406" 19.2071435219048 37.6673170694286 1.72896977098822 1.0684368204915 0.617961538957863 1.72896977098822 2
"407" 19.5172833359664 37.3173912771429 0.90437566836566 0.108117608874548 0.119549444612915 0.90437566836566 2
"408" 21.7667211400374 36.8838447029533 9.19648428872092 16.3798765634994 1.78110200042299 1.36352621629709 5
"409" 19.2002477714286 38.0007607428571 0.973470849949281 NA NA 0.973470849949281 1
"410" 19.3000920352423 37.7004096211454 1.15634244374947 1.05139778708404 0.909244309734799 1.15634244374947 2
"411" 18.9672274248 37.7000384533333 2.09703743486331 NA NA 2.09703743486331 1
"412" -7.24688905033074 72.4431462582686 2.70432142230022 2.09661525081458 0.775283305277841 2.5660948837417 10
"413" -7.39113337390351 72.4452913669591 7.00048266009169 11.4851744940877 1.64062608990695 2.81790271292465 10
"414" -7.37971680733945 72.4604819266055 1.49091705214352 NA NA 1.49091705214352 1
"415" -6.64462834418949 71.3423023488774 8.22210887071438 10.4002450707806 1.26491210884161 4.59172185351937 16
"416" -5.36927537922078 71.9657175815296 9.53391582283309 15.4503934772669 1.62057162706055 5.73220095994041 8
"417" -5.43157186405724 71.7594477167509 8.90053369450887 10.052511973209 1.12942800041428 3.62339486310209 18
"418" -5.4379419761236 71.8231335627341 15.4400725018761 23.0668020389194 1.4939568474252 5.77035802241332 20
"419" -5.29647771731449 71.9679451413428 3.88799783395997 5.12275003165115 1.31758047468704 2.0381865 18
"420" -5.29951527120908 71.9754956513026 7.26002682897256 3.88963664976594 0.53576064405762 5.5531682164548 7
"421" -7.35939801194743 72.4434283751493 11.6269846598307 17.3870842485595 1.49540786001284 5.81200338074511 5
"422" -7.38923234 72.4626221666667 2.03220107339589 0.0415961597126169 0.0204685256085945 2.03220107339589 2
"423" -7.33562854665542 72.4574670095559 6.88060802919732 5.5809587613691 0.811114183177814 3.67242245796925 11
"424" -7.41191218707483 72.4304563038549 9.46931302477921 10.9241780290414 1.1536399737188 6.2594144004549 7
"425" -5.31017417118437 72.2506823345543 16.5021332084559 30.2030608238378 1.8302519099992 3.93613349734794 20
"426" -5.33607076473234 72.2309504003599 4.80113533268868 4.06996968397119 0.847709844015575 3.370252 17
"427" -6.16275868137596 71.5349658252259 20.3034740153351 34.2171350083917 1.68528474400724 8.46266892776845 14
"428" -5.3249892625 72.2417246875 3.96600917176759 4.71846979389891 1.18972740342806 1.91139139546678 18
"429" -5.43605300271739 71.7552643240489 15.2870403973005 12.9465374149208 0.846896264970096 8.587833 7
"430" -5.40119838105727 71.9094026284875 13.4495142258509 24.0039539520751 1.78474505093558 5.5591 17
"431" -5.43705239554318 71.8236994846797 17.6028280751718 20.4904004147628 1.16404025121758 6.23511650207088 18
"432" -5.30663238426821 71.9734737859445 17.180999174384 16.8372100940542 0.979990157915705 9.17067706497316 14
"433" -6.18891391147245 71.3398830201747 12.1208612043993 6.92534983462621 0.571357902531929 9.86236547860771 16
"434" -5.31772344036697 72.242391983945 11.9294839497973 17.7127184718231 1.48478497027729 3.66645735546812 17
"435" -5.29911166773779 71.9678803084833 34.3030103526167 81.2647354058356 2.36902634988817 6.1641915925495 19
"436" -5.43912952680344 71.7635698941099 10.0684814595668 13.8725117931952 1.37781569632964 5.83539651662361 18
"437" -5.28865910701107 71.9745138868389 18.2234778225901 19.7900396769273 1.08596393452381 10.6698205758514 9
"438" -6.64256751937984 71.3471746434109 14.2926662671757 9.25410722670901 0.647472420731032 12.3880866277884 13
"439" -6.64026018678161 71.3359369109195 27.1983362366526 37.3912110997662 1.37476096973085 10.0489757694759 8
"440" -5.25314194726166 71.8001586663286 16.182010167865 21.9619629073428 1.35718385290326 8.5590392027501 16
"441" -17.1050912002861 119.656338675588 14.6770869401873 9.36518273717855 0.638081846577861 12.5058380417725 16
"442" -17.3425161125184 119.383884128925 9.36157949047668 11.9838437420055 1.28010916899188 5.25367767859252 19
"443" -17.0372109109852 119.621880945455 21.7321543111874 14.5269710501477 0.6684551766996 19.5109980029222 17
"444" -17.2766107010629 119.372896864064 18.7583811715175 26.2241188126176 1.39799477219474 11.1951 11
"445" -12.2191604779412 123.007196599265 52.1510146986138 166.923531262421 3.20077245336624 10.1982214462789 19
"446" -12.2009557082107 123.12955027805 15.9137751572524 15.8168531162408 0.993909550684619 10.1982214462789 19
"447" -12.2784159324943 123.004999113272 19.2192539621445 24.3685101022642 1.26792174921368 10.1982214462789 19
"448" -12.1975504125737 123.02614848723 23.1823926302182 25.3702270724706 1.09437483339837 11.6615220164507 18
"449" -12.2936066159696 123.099944942966 24.3875469351966 57.4602417415178 2.35613044207369 7.44240842780518 20
"450" -12.2280441563322 122.95919485156 26.7007388194254 36.5949302854327 1.37055871498241 10.33235 17
"451" -12.0917408083436 96.874541548055 7.34853952805369 5.28906010685276 0.719743030116571 5.46472013015965 15
"452" -12.1148148508243 96.8772243241958 9.3711974296841 4.44975544629746 0.474833176836342 9.7489705 12
"453" -12.0954522118367 96.8569011157421 9.84217578025661 9.87079672893167 1.00290798999267 6.25576947362604 17
"454" -12.1333000512725 96.8631881182593 25.4151541050795 53.8273962858818 2.11792523717666 8.47632020005853 16
"455" -12.1053009676763 96.8524788012019 10.9703343692656 7.43020999047035 0.677300229907917 9.81317283743716 16
"456" -12.1566816172651 96.8667929249687 12.8015382009209 20.7438971606491 1.62042223638069 8.457571 9
"457" -12.1349306300424 96.8413519692797 25.4742058498537 23.3618310389549 0.917077893483736 14.6083825971883 7
"458" -12.1273142805832 96.8814376169762 8.01190315598181 5.19914953336734 0.648928155039614 5.90791876790206 11
"459" -12.1576467685039 96.8401628188976 10.1800838729578 6.26581111693974 0.615497003279527 9.43782568179424 17
"460" -12.1298803151282 96.8303112911966 33.4827947482471 67.0738766102849 2.00323411216432 10.4228696901686 18
"461" -26.1475609283333 113.196946489583 34.0752528227332 52.4595605282854 1.53952080124515 10.5664804577199 7
"462" -26.0120013384112 113.123260888569 14.2417061590425 24.7780648234809 1.73982418586473 7.00425896469869 18
"463" -26.1839331497152 113.187916912513 18.2818472258369 29.1426990866331 1.59407847175569 9.51892970587637 13
"464" -26.4349960590382 113.327158835178 22.3472841203997 28.7543666432893 1.28670519819636 4.96370643388095 25
"465" -35.0616021954562 116.300108135237 5.40657228028291 5.24481705790632 0.970081742370024 3.86866973164804 26
"466" -34.9879719043227 116.401603043775 8.07128349604946 8.41576517018872 1.0426799125948 4.48216073831494 43
"467" -35.0582842799931 116.323618699913 5.72315416099283 5.01977881949026 0.877100053271926 4.31167220658993 51
"468" -35.0087744620233 116.377089221928 4.04099057461789 4.04663741506338 1.00139739015502 2.44133470181043 34
"469" -33.5260484375 115.010462890625 8.16518294395687 5.25821709951605 0.643980316865736 8.54873196967467 5
"470" -34.0956511964736 114.964034571788 6.68853494392993 8.91389240029898 1.33271224192207 3.392117 35
"471" -33.5341681672026 115.003460289389 7.54463776909226 13.9171648416603 1.8446432111922 3.00086759683234 12
"472" -33.5209353773585 115.009440330189 8.30640965477813 5.03682490095575 0.606378099599072 8.42596548457526 8
"473" -33.4998760636423 115.009519421034 11.445970675308 10.6063624864169 0.926645960162875 8.35454132075095 40
"474" -33.6446070403254 114.982402799784 9.06438581690235 8.24597658488644 0.909711562531923 6.32384479783578 50
"475" -33.5378027272727 114.99826 7.21544161214369 6.48119422399326 0.898239438745554 5.56396939891789 10
"476" -33.5280110849057 115.006204775943 7.93663446965842 9.2481143729119 1.16524383329826 5.49245835917458 30
"477" -33.7087261884669 114.966237791842 4.5185587863777 8.9406205306825 1.9786442875627 3.033042 17
"478" -33.5393883127803 114.998817926009 8.56570663614998 8.43971651581852 0.985291333723741 5.36038704573086 18
"479" -34.0938950196519 114.96557381808 3.82888745174877 5.07331227351653 1.32500950666476 1.55161124048108 35
"480" -34.3840511191099 115.095243147906 6.3917439751621 12.8840292688032 2.01572987260906 2.13576934073255 35
"481" -33.6662599439776 114.988169495798 2.95261505530772 1.43926502254802 0.48745433982691 3.42538791528774 8
"482" -33.5673476976744 115.007680906977 6.63691434886525 8.18467130493083 1.23320429867084 4.439538 13
"483" -33.5026354399773 115.008384961025 6.45260978347321 4.92312768356194 0.762966900024133 5.230531 51
"484" -33.6168602216714 114.970217955184 6.45781330870636 7.2508568934601 1.12280373353076 4.14149023986731 30
"485" -33.492328684129 115.009649874839 7.10821272987453 6.0973929865251 0.857795513195442 6.1687215 10
"486" -33.6325926655128 115.269700822155 1.55293211020748 1.26947062025276 0.817466914302619 1.881159 42
"487" -33.6157352680653 115.389104079254 2.81040021716346 1.42581041165373 0.507333582934605 1.881159 8
"488" -33.5903056211454 115.388712026432 2.84486709084503 4.52859359952123 1.59184716013431 1.2738250750371 32
"489" -33.6201282666667 115.175288419048 2.72067137860126 2.27932679133348 0.83778100113852 1.881159 38
"490" -33.5817670800451 115.191353664036 5.26214088814097 2.350504619347 0.446682190635417 4.01234605770868 17
"491" -33.5331956409736 115.070245057471 5.09870903461391 2.6417615900563 0.518123621513214 4.01234605770868 27
"492" -33.6835089242211 114.940020697889 3.21518311462762 4.88320710151071 1.51879595264554 1.32350964431209 26
"493" -33.5197598030204 115.001160288903 8.10120219879543 11.9898536405283 1.48000918213238 4.53841152885434 32
"494" -33.5354290065041 114.996004389431 3.87906660474613 6.41639069104818 1.65410686251109 1.46046544184391 30
"495" -33.6830436118286 114.973834742652 6.32711280447007 7.13793251529798 1.12815003238998 4.33473782643807 44
"496" -33.6654296969697 114.97701 3.69450470446201 2.71453859185552 0.734750341115294 3.52605658504364 8
"497" -34.0611259901599 121.999853210332 5.95838709937365 4.69390907227798 0.78778182652339 3.21258322054702 24
"498" -34.0573327722772 121.953315412541 3.9633411792222 4.33913828827358 1.09481825865043 2.0876079987496 24
"499" -34.0406461577608 122.010364656489 3.9959357006408 3.10989436569615 0.778264366265314 2.64623961877239 24
"500" -34.0665618904824 122.008655932203 5.09208073223826 4.38867694816598 0.861863190891891 3.21258322054702 21
"501" -34.058184030303 121.865939939394 4.76339072286628 4.96732525138309 1.0428128911487 2.28208399025072 24
"502" -34.0273153187919 122.020918255034 3.94044377629799 4.2395997144122 1.0759193520064 2.07989601699776 15
"503" -34.0233130670103 121.966140412371 2.15895885237003 2.35444831016183 1.0905480239131 1.70341000849888 14
"504" -34.0570252986513 121.988446878613 2.98624288063315 3.18618903060772 1.06695575610118 2.07989601699776 23
"505" -34.0445487946429 121.975832209821 3.30236591410781 3.72422051007895 1.12774314141536 2.07989601699776 30
"506" -34.0612142962963 121.922020666667 2.82750533500404 3.00644471604047 1.06328524965849 2.0876079987496 22
"507" -34.0299486252772 121.983583702882 4.97397958721916 4.98004792687617 1.00122001700059 2.64623961877239 12
"508" -32.0358861284404 115.389017798165 10.0421580770172 13.918989206711 1.38605557689502 3.56993172476483 47
"509" -31.9806240917108 115.483562962963 15.0781899883821 30.6825666621365 2.03489720488851 9.2511132762233 42
"510" -32.0300450584795 115.462694853801 13.7956815245481 13.8969508718673 1.0073406556348 9.48810421686207 48
"511" -32.0278269788183 115.516101560758 7.26734890051508 12.1715039172534 1.67482036212555 2.42053423275995 11
"512" -31.9830694472362 115.422144924623 42.510618200711 159.954421755217 3.76269338168649 6.78318325184158 21
"513" -32.0303387362637 115.495236126374 5.89922477061628 10.6463667666146 1.80470607250694 2.87891410568961 17
"514" -31.9838629032258 115.38556344086 4.02393315267921 4.47979175663031 1.11328682327826 2.58668335784273 14
"515" -34.1994734833069 119.58419332509 3.17217041130728 5.4051652142568 1.70393280102164 1.00472622338266 34
"516" -34.2358605280775 119.666640064891 3.934791940453 8.11348543445832 2.06198588317842 1.54409053806291 51
"517" -34.1761109544361 119.625222272605 3.80139606692114 8.54122786403101 2.24686607595425 0.794545917425635 63
"518" -34.2503446863566 119.695364249867 1.8383851325104 2.58391126876889 1.40553316227076 1.00949447277464 35
"519" -35.0025945042474 118.219855162717 5.88522304532301 7.82476985273775 1.32956215804872 3.50670106855066 36
"520" -34.9566822908929 118.207436348288 3.03943730108039 5.43159108468857 1.78703837146365 1.370488 27
"521" -35.0183646669555 118.151867580905 3.33767578547372 3.03218704444258 0.908472613679048 3.29701618525064 18
"522" -34.9645525374254 118.256583143351 4.68286031785437 5.1700687055764 1.10404076881483 3.15443395434708 32
"523" -35.0512174377723 118.169129670431 5.30494471071128 5.27419916356282 0.994204360492886 4.18528074147965 20
"524" -34.0968840560274 114.958341424527 5.1761995134679 8.25546102616317 1.59488849003663 3.41340910602042 30
"525" -33.6438445595769 114.98778529995 8.51632801784071 8.23796701685433 0.967314434060871 5.85585225618266 47
"526" -33.5377807185629 114.999635778443 9.92415232920443 15.1883926859192 1.53044735530946 4.23255766892508 17
"527" -34.0184800200105 123.384778836667 5.27797490911427 15.2160417561315 2.8829318096711 0.793674051453868 53
"528" -33.9822135692559 123.324463333323 4.53671179953216 9.20803149877591 2.02967080688826 1.05283779688237 22
"529" -34.0098669900539 123.331128063616 3.66396765981928 9.36619279241336 2.55629788852321 0.903586172779249 51
"530" -34.0667508609561 123.307430889505 2.39421129997855 7.20671192652364 3.01005676758279 0.592645782221595 41
"531" -34.0936663265306 114.964109336735 3.22044637715587 3.05019287155862 0.94713356918316 2.36379207882183 35
"532" -33.6911142515924 114.974749283439 5.76768221742585 6.82594477086604 1.18348142521494 3.52676968695015 35
"533" -33.5332184560781 115.003699511979 7.65086505713534 7.60879345315631 0.9945010657403 6.394603 35
"534" -34.3862638457008 115.098596431095 9.38750140748974 14.0598704901264 1.49772233098244 5.20654150634659 34
"535" -30.2176062977354 114.660072377627 6.7062373576645 6.66251744274348 0.993480708691134 4.64632480549496 36
"536" -30.2213894914717 114.676010178168 5.34486870015742 6.04930413152144 1.13179658301864 2.47044072859509 6
"537" -34.0920075088732 123.168409473872 3.44308054948054 2.52813462386265 0.734265314891941 2.87846901599895 20
"538" -34.3608864081908 123.539347286572 11.8034514064764 11.0544819572924 0.936546572405672 11.7195118054406 17
"539" -34.0790495023545 123.206105330586 2.82562880381432 2.60954488825767 0.923527140130737 2.64387353010558 15
"540" -34.3448391541732 123.55293471448 22.6328239054652 45.6631754233572 2.01756420736923 5.63812812288727 20
"541" -34.1100936843528 123.163065684519 7.90663815264157 15.9692479828217 2.01972667453947 2.67218581130027 20
"542" -34.3471206508916 123.560958052054 2.61611498583761 1.03892197783956 0.397123973320663 2.64387353010558 8
"543" -34.0499403482563 121.989054891106 3.88343685007656 2.89036458445571 0.744280052963582 3.10108503023132 18
"544" -34.0014497632876 122.238237905742 4.57914088309588 4.93795893566957 1.07835925160073 2.25756098853616 18
"545" -34.0371684104944 121.98222581087 2.81265133142612 2.04729954050596 0.727889560156716 2.19860013223689 20
"546" -34.0396378024573 122.001083173444 6.85522270394035 10.6905478987315 1.55947492305198 2.97319452147306 20
"547" -32.0222268436364 115.460263709091 11.4368875482449 12.2464408322201 1.07078440533407 6.46238572233373 21
"548" -32.0240193984713 115.51890558325 10.8172901764274 9.13561774715422 0.844538474807877 9.41294575779123 26
"549" -31.9890874515648 115.530992372578 12.3930070269154 11.9627357015318 0.965281119872747 9.41294575779123 43
"550" -32.0324185051539 115.424223961253 10.4861227094234 7.45094600002381 0.710553004813494 9.41294575779123 62
"551" -31.9814431466445 115.456348818968 9.9141278021321 7.06425537892915 0.712544312512285 9.03110828904768 43
"552" -32.01738 115.508458583691 8.16444941586417 6.70307428362189 0.821007509777363 7.27077354584508 4
"553" -33.7042511658031 114.966054145078 4.88771830937999 5.8473517047119 1.19633565901093 2.92051051495007 17
"554" -33.5196301075269 115.019026702509 12.0126585143936 9.91690116978098 0.825537590858717 9.15686913332357 13
"555" -33.5340876216968 114.998240055633 8.0360528513028 6.44174376088522 0.801605449849784 8.02328792877052 19
"556" -33.6567473509934 114.984241887417 4.58423004712262 6.57690988496439 1.43468146610411 1.2234356886971 14
"557" -31.4090113075642 115.426009304821 8.78152634871571 10.754279084905 1.22464804611989 6.80073434527665 59
"558" -33.8524404634605 124.139236654724 7.33659506167243 5.86638876830529 0.79960645490062 4.36067253692334 19
"559" -33.755408834613 124.130309018641 6.65802723765933 4.58763734980666 0.689038537400077 5.33119443088808 17
"560" -33.7213952831203 124.130336922005 5.02233730192766 4.42065149936324 0.880198049953061 4.36067253692334 15
"561" -33.860989967907 124.134217394379 11.5476250027167 35.7394609215387 3.09496203012574 2.46885639760207 18
"562" -33.7387269727179 124.090195053879 67.4177240010818 138.6539013154 2.05663871585423 5.38605314940213 10
"563" -33.8479726214125 124.131659380242 20.0373776144474 38.4883724413941 1.92082882211309 4.85613109032827 16
"564" -12.5458417557834 124.033217949678 7.39716690477228 5.52396164544257 0.746767203789709 4.46455272764671 24
"565" -12.8830983499577 124.340514189349 29.5377701833554 44.28278215493 1.4991917764965 7.55656622733722 24
"566" -12.8034619045643 124.277160169433 19.9981729175367 27.4468238399956 1.37246657248008 10.3596990225047 24
"567" -20.328859733564 166.204757086505 19.7354645943503 16.40645983851 0.831318652777333 20.4490266267367 5
"568" -18.8639970777778 163.424530077778 18.2031798795505 8.71710926678926 0.478878378638784 15.4188609710106 3
"569" -19.8625255791506 158.380542181467 19.0101350069721 5.38303150316054 0.283166400511426 20.6163610485544 4
"570" -19.4443635230769 163.251108053846 18.0863800618779 6.97972907789748 0.385910782258147 17.3605360819787 4
"571" -19.8984449175258 158.37302207732 20.3106090211091 20.1085190860279 0.990050030756284 12.1018216447632 4
"572" -19.8928409109948 158.409876172775 15.6657000605053 3.58742854690536 0.228998929703091 16.9076045318485 4
"573" -19.8753392539683 158.34898542328 21.3437482239908 5.10579709945793 0.239217453554803 23.3689524878816 3
"574" -19.3568570528053 163.204823122112 18.5110876722269 16.3334697151117 0.882361425991064 11.7950733612502 4
"575" -19.7185653076923 165.589409171946 23.9470697568212 10.2389885825164 0.427567493079184 20.219555417138 3
"576" -19.7649120921053 165.601014457237 39.3176049100336 11.7431187373979 0.298673298240532 37.9603133101677 4
"577" -19.874894097561 165.521045370732 28.4772930609046 6.59655569874396 0.231642652433145 29.6413561218093 4
"578" -18.8736605016949 163.438413566102 49.6601590250716 46.4535875705784 0.935429698223997 31.6752005631209 4
"579" -19.85555275 165.572786357143 15.2270030568689 7.70651135962881 0.506108216491913 11.3596131167016 3
"580" -19.9081183864734 158.455751690821 174.912124370758 307.167738737087 1.7561260538234 27.70727232962 4
"581" -19.053115559322 163.680823728814 43.3920749595074 11.5651203723008 0.266526096829736 43.3920749595074 2
"582" -19.0173803518519 163.597094981481 27.1000141937629 4.32468561820586 0.159582411554648 27.1000141937629 2
"583" -19.8683249968553 165.838584496855 25.6632916321816 11.1772222347406 0.435533461371123 24.3167376185502 4
"584" -19.8474240362538 165.842095006042 28.8452831580451 12.4505017007429 0.431630420562207 25.0610075375413 4
"585" -19.2498908611111 163.12913725 4.73440237885205 1.88134377640505 0.397377245501726 4.69192043827894 4
"586" -19.1315453658537 163.688543085366 13.861065 2.70658555527994 0.195265338938959 13.861065 2
"587" -18.895517 163.4555 29.3414874376091 NA NA 29.3414874376091 1
"588" -20.3961681351351 166.141520513514 5.29630730162352 NA NA 5.29630730162352 1
"589" -23.6342143809524 -178.93219047619 101.038991952253 105.878224540578 1.04789470376556 48.2584408182406 3
"590" -23.6285683597884 -178.935744761905 49.1621118447909 76.3746381109436 1.55352638942902 19.0398163465669 7
"591" -23.9387076190476 -179.107938412698 3.98895354129501 7.26302691439023 1.82078503527326 1.20923171464284 6
"592" -23.9243366666667 -179.124506074074 16.3128563281239 17.3262527613575 1.06212256228153 11.7453282501456 6
"593" -22.5927228318584 -176.918558230089 37.9622984292894 53.9563977085159 1.42131535605037 9.90402437895753 3
"594" -22.331705 -176.203763448276 4.90820676699875 4.94003537271219 1.00648477279471 4.90820676699875 2
"595" -23.6505430769231 -178.893566923077 11.8683659858699 12.0833276006986 1.01811214914375 9.45346324766064 4
"596" -23.9380443103448 -179.14403862069 14.4257205549397 5.51695875567489 0.382439042449479 15.3025744365959 4
"597" -23.9402933333333 -179.131716666667 0.401925575921023 0.527775648396045 1.31311785070316 0.401925575921023 2
"598" -7.34201618717228 72.4545864684821 5.450903566685 6.43275145812491 1.18012571299936 2.13906810725021 7
"599" -7.39030771484638 72.4512107909103 2.39265720824371 2.13412002647876 0.891945582144329 1.58817793316174 9
"600" -5.3326779505396 72.2306294404666 4.57443965031286 3.15742164539466 0.6902313478283 4.69982060187425 15
"601" -7.25004377486522 72.4472167499427 5.49781232526352 7.40173457570747 1.34630542801453 2.82891462739382 7
"602" -7.25349823529157 72.4014942155528 7.28023505808854 9.74957272162674 1.33918378236905 3.03869671750137 12
"603" -7.40514735256335 72.4314578752214 3.60415480349832 2.47628403013674 0.687063726489543 2.67323447859015 10
"604" -7.23198770791284 72.4356474053617 13.0017844350741 5.76851998254424 0.443671406132752 12.4999127736201 3
"605" -7.22634083470279 72.4203202094209 12.1243530687281 5.55149109422959 0.457879365831761 10.5911409187049 3
"606" -7.33259707078928 72.4533610779483 5.98278643598372 8.99117200886552 1.50284020749725 1.17437117045526 8
"607" -6.65190742655478 71.3560624294705 10.8225927117724 14.6961618898203 1.35791508386289 6.36792127387435 13
"608" -5.25111865214564 71.7937975233254 13.8576427314007 19.7345295048075 1.42408993270479 7.05980325556897 15
"609" -6.63764658669786 71.3376301087574 9.0900005288467 7.74445748945628 0.851975471825288 6.70520491494102 12
"610" -5.30735909039872 71.9743535852252 12.4394673252905 11.5826984175812 0.931124952113707 11.1625298439752 16
"611" -5.42997888344036 71.8272963972338 12.2174551988672 20.7850900850781 1.70126182144751 5.35305078026163 14
"612" -5.25161756086872 71.8096785702188 5.1170270104624 2.11676864659171 0.413671579662119 5.54744830352123 4
"613" -5.4202653730586 71.7565553291853 8.08144234081701 4.97231546564738 0.615275746079838 8.98856487115625 9
"614" -5.31549339968031 72.2518734089099 3.90821145820499 1.29945327671122 0.332493082988926 3.519320091674 5
"615" -7.39116566877376 72.4450497598707 5.1852745947562 8.55835459025986 1.65051135361564 0.3703867 3
"616" -5.27901255139949 71.9679382723989 9.57482796536231 13.1978948239194 1.37839498230818 7.0856674157246 16
"617" -5.25270801822157 71.7977561054422 36.0848170030428 42.9265182180268 1.18960055178905 8.07757346782556 18
"618" -7.14820527470356 72.1272255599473 117.705770833585 212.100098817907 1.80195157226214 28.7211398620074 10
"619" -6.11477769730185 71.5093425969646 6.45182976612875 2.81175827883359 0.435807884081963 8.07757346782556 12
"620" -5.34655652584016 71.8070464435659 28.9884837029584 29.8843770789182 1.03090514789045 14.0750308579671 12
"621" -5.30755686310118 71.9747920381827 9.91249455987544 6.98442589855269 0.704608295758849 8.07757346782556 12
"622" -5.53603864685616 72.2286255749354 37.9881837753187 47.5875159920977 1.25269258129197 11.17238 7
"623" -6.20628292073018 71.3257674793698 17.9900091041363 24.9751920786537 1.38828123621746 8.07757346782556 15
"624" -6.11472092720306 71.5100132024266 20.5374408078994 26.6047067266095 1.29542463325695 8.07757346782556 12
"625" -5.43852945590829 71.7787710934744 7.86793895341886 7.10437912594682 0.902953005610161 5.63991270213879 10
"626" -5.53724187394958 72.229472605042 9.53724135968563 6.58392154890099 0.690338149219075 8.07757346782556 9
"627" -5.31845387243427 72.229778461408 23.6691917622555 24.3793381912763 1.03000298599774 18.3993566649165 8
"628" -6.39943061492338 71.2507077881412 23.69094197109 41.3868130238554 1.74694670538468 4.753364 11
"629" -5.31868070929241 72.2437975618073 3.73050132918662 2.54809209465444 0.6830428057266 2.60392552117857 9
"630" -5.32753371985816 72.2420446808511 3.39308199195332 1.57831294154951 0.465156145737848 2.60392552117857 4
"631" -7.2749525 72.3837570909091 2.23764907101521 2.21454506941702 0.989674877129995 1.37677228809499 3
"632" -21.993829050834 -136.189821076251 33.8501217356175 6.98617117796904 0.206385407784756 33.6099503533072 6
"633" -18.1032820682303 -141.073026098081 13.4111307616803 11.9368729927842 0.890072075569607 11.9632750626251 4
"634" -18.7187408770161 -141.871356814516 17.3673936027426 7.18189253990804 0.413527366522855 15.3861919744351 6
"635" -21.481409603352 -135.641359298883 36.7639430350785 45.6571943551776 1.24190145522784 17.4685681501553 4
"636" -19.6289757850071 -140.436793833098 15.7315535773756 13.3087486916768 0.845990742504721 18.0638015591644 3
"637" -21.3284063119835 -136.539575717975 10.8462348742096 13.4772279275778 1.24257201543959 6.12781731749038 6
"638" -20.8003225778331 -138.575136500623 18.4903178236702 3.98360074284417 0.215442524073037 17.7730763003106 4
"639" -21.446527582846 -136.402283684211 20.4627057782467 10.3178466391817 0.504226897019174 18.0186787312472 6
"640" -19.1221170758123 -140.722849590854 25.1826731182754 6.0100338460008 0.238657501440514 25.1375124485568 4
"641" -21.3175087893762 -136.658738956146 21.8491067729065 16.1264571237054 0.738083130414403 17.4140344637613 6
"642" -21.48599 -135.645057093023 38.1537175033233 28.8225791991604 0.755433050439971 38.1537175033233 2
"643" -32.0473114905269 115.419704718592 10.1075209885365 10.5563910309979 1.0444095088173 7.21725768178817 36
"644" -31.9795139454688 115.482196141874 9.01244542975405 8.2196603278992 0.912034407527449 7.22255307022855 29
"645" -31.9822459917739 115.418558942737 11.5029884727124 23.6410377755087 2.05520833404209 5.987534681133 45
"646" -32.0358940298258 115.458223956954 9.46864438343304 11.1483792177287 1.17739971703179 6.51940420587713 48
"647" -28.8376000823735 113.946722281797 15.0995752083238 39.9441916519924 2.64538512513734 2.32788528083721 32
"648" -28.7342704303788 114.003438424397 11.8575188651535 33.4848145211226 2.82393095064151 2.87904172858368 44
"649" -28.8503944122582 113.902770197691 15.0355103100963 24.6558444282674 1.63984087801204 2.57493567248534 22
"650" -28.8119609484587 113.948898842587 11.1088848166173 12.8627249760149 1.15787724765803 6.77639581829657 20
"651" -28.7855546478054 113.971696500075 7.97317915719438 14.7070548186642 1.8445659540202 2.8410884393538 38
"652" -28.6722594633427 113.903341506238 5.16178041715597 9.96773048128522 1.93106441493635 1.77038322190816 36
"653" -28.8160665534351 113.955481494911 6.33114345585824 4.4850306364524 0.708407678284777 4.59833459938931 27
"654" -28.8381875727944 113.917129710995 8.90624749541347 10.1718649121634 1.14210445166741 2.45938314047533 9
"655" -26.1541544502618 113.1946991274 2.29037553080597 2.62793117086231 1.14738004118371 1.17692716237443 9
"656" 63.6716878815463 8.8600169342253 3.13431882704495 0.956445951326526 0.305152731455934 3.13431882704495 2
"657" 63.7772162740656 8.62411555385829 2.43369092161113 1.09912541051121 0.451629005454637 2.45800940902355 8
"658" 63.7480183588413 8.86911774058249 2.2351328503094 0.600742833529176 0.268772763751388 2.45800940902355 3
"659" 63.6630854041961 8.50436330928982 2.68271612253318 1.59510862085145 0.594587182539929 2.68271612253318 2
"660" 63.81653135661 8.8127137353933 2.45060630848513 1.84409060078028 0.752503816869803 2.45800940902355 8
"661" 63.5549783427676 8.3704026794307 1.59993299934204 1.23878476514262 0.774272901210274 2.00640670451177 6
"662" 63.7951853896765 8.63298658824194 2.48733137563369 0.0829350457110185 0.033342982170958 2.45800940902355 8
"663" 63.5412380670701 8.37914933262665 2.52301277916304 0.17198275177018 0.0681656284861276 2.45800940902355 7
"664" 63.8541036293891 8.53246887251486 2.44995890662238 1.39831625751354 0.570750902692208 2.45800940902355 12
"665" 63.6051618267331 8.43777842705261 3.13431882704495 0.956445951326526 0.305152731455934 3.13431882704495 2
"666" -31.5556079921163 115.276111983247 9.79307836377403 12.2970754485511 1.25569049810116 6.10735904341594 49
"667" -31.7104315294668 115.350210431868 8.70560832306062 11.6528005595386 1.33853949398011 6.10735904341594 40
"668" 63.6171508405242 8.5073386313437 2.45439109440616 2.3687540129962 0.965108624454702 1.52843765482879 15
"669" 64.0078753079262 9.08877705691921 2.96164824614495 1.51434126003014 0.511317055292197 3.373577 13
"670" 63.9621478519593 8.98360171661781 1.66773056400842 1.69561345789773 1.01671906391299 1.017378 11
"671" 63.6375247636182 8.61539952597016 2.51712753579715 3.47907025337254 1.38215891085977 1.017378 13
"672" 63.7852529373859 8.93241322362745 2.51775566036699 1.6646565851331 0.661166852422232 1.96164422678222 11
"673" 63.8239963569723 8.86300235118873 2.31316703515583 1.61935989986762 0.700061809310077 2.41982270459075 14
"674" 63.6743981231222 8.8591388470105 2.26269020912404 1.45536439831825 0.643200908568772 1.48370377819167 5
"675" 63.5801271155621 8.59758333577729 2.67072563820542 2.63575868703925 0.986907321865653 1.47173511716109 8
"676" -35.2195964285714 134.434453571429 2.4921472 0.58749600334998 0.235738885467913 2.229411 5
"677" -35.1451285714286 134.301204761905 2.91434390567768 1.36986581135537 0.470042608453524 2.229411 4
"678" -35.0369666666667 133.914882352941 1.76382983791887 1.55798660757923 0.883297568782197 1.50411545727614 6
"679" -35.1717 134.37056 2.53838871058723 1.01807762166272 0.401072387935101 2.229411 5
"680" -35.28444 134.57032 10.9246575210553 15.8849316630105 1.45404390319743 4.605171 5
"681" -35.029584 133.913316 2.69149522423825 2.646829546096 0.983404883003316 2.87398126863151 4
"682" -35.2267811320755 134.493082075472 2.229411 0 0 2.229411 5
"683" 58.5974168458823 9.11490693847059 2.31908738931883 2.42992505408493 1.04779365593405 1.73017956971074 10
"684" 58.5938951741935 9.08947073258065 0.423977174724937 0.24156737620897 0.569765050124907 0.426843050841662 7
"685" 58.5903145575342 9.10255283630137 1.20749514593956 1.04114747726177 0.862237401750917 0.9254995 9
"686" 58.5871482553191 9.10830535638298 1.05483601807044 0.632404645611199 0.599528869679695 0.940682 8
"687" 58.5907150288462 9.10538803980769 1.19792699442231 0.666692749295398 0.556538714295278 1.47213286049929 9
"688" -34.0309034532374 134.354451582734 7.61866799721044 16.4118809276867 2.1541667039036 1.37617239918678 8
"689" -34.085701954023 134.25914091954 0.577560537496499 0.208373572723135 0.360782219689651 0.571500929634815 8
