ID lat_in lon_in mean_median_size STD CV median_median_size BRUVS_Number
"1" -20.6650707306141 116.427350395936 0.0781533099411707 0.0836059696785243 1.06976876272365 0.0541862671319708 44
"2" -20.5171217468806 116.581392335116 0.088946580274157 0.080033742214115 0.899795607289564 0.0555166169159878 32
"3" -20.3294641563394 116.465718303146 0.230754708886361 0.101002498015863 0.437705035374181 0.226159849049565 20
"4" -20.0968299574694 116.399395108985 0.245443189897166 0.246013779843662 1.00232473325797 0.225630563588106 38
"5" -20.4508152758133 116.529263507779 0.412092387650469 0.593797592870258 1.44093317582442 0.0605868978525349 10
"6" -21.8937855654762 114.160450297619 0.0928069223769444 0.0568692618883048 0.612769612780874 0.0845778268709815 20
"7" -22.3321703979174 114.189610710301 0.0458324084986652 0.0287564119304372 0.627425284256548 0.04371501 49
"8" -22.1085048833819 114.486945991254 0.0295082696768831 0.0147639402756275 0.500332294549743 0.0274103313344171 37
"9" -22.3440198032787 114.174775213115 0.036541546196127 0.0179847707570407 0.492173228262214 0.0354017019382081 34
"10" -22.0243057268722 114.448775770925 0.161044554219241 0.255107094988621 1.58407774932474 0.05909559 13
"11" -21.9479 114.4188 0.108555 NA NA 0.108555 1
"12" -21.6123114864644 114.28066289591 0.404637165018261 0.542166266626557 1.33988252562537 0.244829720774152 20
"13" -20.893524964327 115.191309129889 0.742297759534017 0.867102191584076 1.16813257274063 0.280959150495027 27
"14" -21.4301991424763 114.746451429083 0.466355629177299 0.606283081669603 1.30004452340192 0.189348939205836 29
"15" -20.7382159967426 115.230988560666 0.82212535207234 1.00004127259979 1.21640972399035 0.492108423331324 30
"16" -20.2751323197721 115.306687977388 1.42751173660435 1.00618667010766 0.704853518403353 1.29914733197513 26
"17" -20.6269384258706 116.426765181144 0.142544376375531 0.101139762728206 0.709531763369993 0.160579014926603 15
"18" -21.7891579119691 114.148014029472 0.232110443409547 0.337807924204133 1.4553758083521 0.123036549644685 24
"19" -20.5943621644216 116.461960155784 0.14115256765352 0.102583488070524 0.726756089356663 0.11603485 18
"20" -20.4121033238487 116.823105810197 0.29113798820257 0.203562107799229 0.69919459516768 0.302058370875993 12
"21" -20.9025029381188 115.91597858474 0.237630019938363 0.194478548757704 0.818409007448421 0.234295127469955 26
"22" -21.7440493375175 114.269285800467 0.120636222665777 0.13529651461097 1.12152479264714 0.076008854762974 34
"23" -21.5595488911908 114.728338090219 0.228502804116347 0.487326369176408 2.13269316786273 0.06353518 31
"24" -21.4614133733584 114.932258158366 0.0689483747740699 0.0845174593019384 1.22580785375849 0.0176181461512864 27
"25" -21.6488197600109 114.493074854634 0.0966899645045557 0.0907110637782782 0.938164206007173 0.0655282472176192 26
"26" -21.3246701341997 115.099209510988 0.165736794497239 0.202108504178444 1.21945464669772 0.1101212 27
"27" -21.1448215316551 115.616657916765 0.277353241837113 0.378695551287659 1.36539075144491 0.173093298057658 27
"28" -9.88232367191456 143.304815690347 0.589140407040001 0.526997009028483 0.894518526875889 0.294455603005603 13
"29" -10.0087318082664 143.549296221384 0.17551608287426 0.226701424099167 1.29162764110669 0.0843038482224927 14
"30" -9.9494275171018 143.293408628381 0.292248413355778 0.306842314159785 1.04993662972001 0.262434583031856 14
"31" -11.5644711639558 143.000019456424 1.96343665184453 3.74427172282729 1.90699899551625 0.354087094785985 15
"32" -11.253206899884 142.907517099681 4.17821082739352 11.5148694668719 2.75593308776503 0.331877024653622 16
"33" -11.5206865587045 143.007385290148 0.335076548189495 0.14062175578856 0.419670539607667 0.294455603005603 16
"34" -9.96343306953839 143.388382317669 0.0834227548692896 0.105846392084309 1.26879521360992 0.02834632 15
"35" -10.71676103624 143.96771075118 0.128425393421546 0.291433859157313 2.26928531338584 0.0320146206977364 16
"36" -12.2444591954023 143.224977586207 0.494920599334961 0.746425448518969 1.50817211795581 0.294455603005603 14
"37" -11.9650430400619 143.266735384353 0.738438391227145 1.20924870415278 1.63757561703047 0.294455603005603 7
"38" -10.76410908021 143.973182270505 0.342677632975357 0.584154577873924 1.70467670388027 0.03689432 17
"39" -10.06003635153 143.777880866084 0.113276085175071 0.141989631974885 1.25348286670957 0.057580068255049 12
"40" -10.7362053291307 143.972101672892 0.239923567321387 0.654449073278533 2.72773984058795 0.03240521 17
"41" -11.7408872672152 142.973851028758 1.73436049862588 2.8027980391565 1.61604121021963 0.570793612755637 6
"42" -10.002099949904 143.530748753902 0.753985636610256 2.52281104991096 3.34596698851311 0.04872472 17
"43" -10.147757060858 143.623581145015 0.125316046142864 0.18976127088693 1.51426155490572 0.066354 18
"44" -12.2463558196497 143.214865093949 0.785441247959799 1.6215542119716 2.06451369365134 0.171726638815104 20
"45" -12.2521318072435 143.242499484549 1.97899756651733 6.32298821328719 3.19504597694604 0.24157519215791 19
"46" -13.5037776714835 143.733723972527 0.221851655280003 0.21374358388342 0.963452734277102 0.182002696291576 20
"47" -11.4545560126781 143.043292096296 0.28670489078514 0.402885686429962 1.40522781221716 0.206257541454586 20
"48" -11.5400802157633 143.027649559533 0.164077747922726 0.156930456327665 0.956439604482946 0.109414208005381 20
"49" -11.5994210264602 142.940515678693 0.759319188485217 1.37164988686524 1.80642068271919 0.271523049520326 20
"50" -10.1904187321646 143.676284461669 0.122469712985566 0.119503984919821 0.975783987784033 0.0654150132077383 15
"51" -12.2422727252078 143.206859800978 0.287921670684856 0.524271690400529 1.82088305181575 0.1085168 19
"52" -13.9865808863815 143.986672188948 0.451757174897175 0.557091296985041 1.23316535506457 0.203931198134706 18
"53" -11.5978173702214 142.938122324009 0.584468400965647 0.769832613916378 1.31715010194645 0.263271114160145 18
"54" -13.5126770981573 143.719251294181 0.408271454342612 0.362467775209109 0.88781072336479 0.239669332934017 19
"55" -13.3833963194028 143.69585579173 0.40582132550459 0.473109443547936 1.16580725017268 0.281272363268679 10
"56" -11.5490119798348 142.997596689018 0.667561047618416 0.981119010477072 1.46970679906699 0.253693036782895 20
"57" -12.2466990181458 143.274646233221 0.271814462740811 0.22955452065012 0.844526513914793 0.21057392832029 18
"58" -13.6452434289986 143.733365912378 0.546636469097987 1.06279744975784 1.94424907564542 0.182009553732569 18
"59" -11.48480684158 143.028095680667 0.29396221911916 0.491509285027083 1.67201515385161 0.116889043461333 17
"60" -13.5003977829142 143.739232112808 0.174683966805713 0.183303727564247 1.04934488789186 0.120011357338351 19
"61" -13.5121471206321 143.721419457336 0.711789069801364 1.04782816041374 1.47210487610628 0.0873347083923836 19
"62" -13.5386672690385 143.755131048077 0.529836796041005 0.864429885137222 1.63150217500244 0.1515989 13
"63" -12.2265391300957 143.271473636364 0.259670902766205 0.418744195748596 1.61259575596583 0.109549426261297 17
"64" -14.0404400610625 143.942474810625 0.204846673634923 0.194103296419743 0.947554055799184 0.187823589189975 19
"65" -13.5315775575 143.77034121978 0.881322414817548 1.46302480116578 1.66003357746059 0.244229182352447 18
"66" -14.0668947452257 144.014800097127 0.40844431399838 0.631245272671677 1.54548674332673 0.164967130648741 19
"67" -12.2468997547834 143.233784160237 0.680676401147613 1.29218541293589 1.89838432881951 0.169711244594987 19
"68" -13.5118346835294 143.716562114706 0.718306125771238 1.43458335189006 1.99717543874453 0.0758988836225492 18
"69" -14.4026729864576 144.906878688525 0.371007922618944 0.378237425383304 1.01948611424071 0.223217414160145 19
"70" -13.9103884579638 143.907622782805 0.547837872097591 0.673241113623411 1.22890575462713 0.223441539160145 16
"71" -14.0766640796495 125.68130305258 0.179345147697082 0.208654197233776 1.16342259555412 0.13011482519287 18
"72" -13.930249004837 125.63141888963 0.135982102521089 0.0819991277217525 0.603014118781075 0.1073377 15
"73" -13.8641954662123 125.818029849075 0.156638499012468 0.135516482982213 0.865154376711857 0.113117496398484 17
"74" -13.8686154842919 125.757095376906 0.378176544940629 0.880764934041132 2.32897821354681 0.11080607648099 15
"75" -13.5780470717347 125.957120251701 0.123141433664103 0.0835884127666335 0.678800061680624 0.105576 9
"76" -13.8125995825884 125.828271138573 0.355771534749715 0.796555940919521 2.23895355056975 0.120259564671721 18
"77" -15.5537430249764 123.16299867217 0.435952881972516 0.723635578000996 1.6598940113134 0.174202360720123 15
"78" -13.9367584165772 125.723319827181 0.618751534143635 1.87678618577767 3.03318227465113 0.147835597669605 15
"79" -13.814742740365 125.784826233577 0.308838321476222 0.334904839447835 1.08440182502941 0.210728243336086 13
"80" -16.98229398 122.381413 1.18181757364884 NA NA 1.18181757364884 1
"81" -30.3345445779449 114.953767940536 0.13202255032007 0.182645403185248 1.38344095567348 0.0660693903493985 32
"82" -30.289261490567 114.690921261456 0.113246317164903 0.137518596329326 1.21433173079774 0.0636697696280652 34
"83" -30.3434570379205 114.818464676902 0.124202653332312 0.161313308887386 1.29879116556216 0.0693229686407525 31
"84" -30.3413516561361 114.901292408682 0.53920460974765 1.18203138636223 2.19217596621702 0.1497913 30
"85" -21.5989240143369 114.720615412186 0.195404283872559 0.238360127408366 1.21983061314982 0.132861393848052 5
"86" -21.5566727311828 115.059094451613 0.110872795943852 0.145174059462892 1.30937493031573 0.0695233059973311 30
"87" -21.4252464114833 115.141331020734 0.0935163075559296 0.107667303811789 1.15132116125731 0.0576240160418724 18
"88" -21.5712160294118 114.732398382353 0.79009581189153 1.76949712850921 2.23959816249746 0.0905191125 6
"89" -12.513476478222 124.173028749403 0.25192803090602 0.221948777044563 0.881000721699603 0.271709128007848 16
"90" -13.4396232523524 124.026303606413 0.342074089345236 0.227974429467599 0.666447522827482 0.357689154040721 30
"91" -13.4702042815745 124.067622251677 0.161937014012958 0.196309625013231 1.21225913797276 0.058932131390103 32
"92" -13.0690191855236 124.584258116814 0.312514273190284 0.285021093499955 0.912025843140966 0.344119964571409 8
"93" -13.078674093643 124.579961622606 0.230594723312696 0.242532606524797 1.05176997565514 0.256223831022581 16
"94" -12.5170012724731 124.17639136577 0.353012649265934 0.108802027445441 0.308209996643712 0.33687875 7
"95" -13.9032124939666 123.906673184855 0.270569790266408 0.315518432116812 1.16612587017252 0.218273294098975 24
"96" -12.563054924712 124.005229790756 0.350450571164321 0.344766434876537 0.983780490729692 0.255948773304877 22
"97" -12.8834745629956 124.336471045918 0.203700152106744 0.234992488305976 1.15361960153488 0.151277379503049 8
"98" -12.5709101871691 123.598099040207 0.304625005246944 0.243547027821087 0.799497820684995 0.278370917125808 16
"99" -12.8040282819065 124.281987026128 0.445258705234093 0.456217068611352 1.02461122769401 0.264909295783401 24
"100" -12.5464214315253 124.033980361168 0.269002089873562 0.169412823288446 0.629782554358869 0.252728299116248 23
"101" -12.8817810125075 124.344584210678 0.424285343715933 0.421648576344633 0.99378539134016 0.420664817246126 15
"102" -12.5464958930144 124.032648564637 0.332796933979973 0.178149170419651 0.535308929349606 0.346593720754717 7
"103" -20.4390063878492 115.566592511387 0.363627195834571 0.597061311999309 1.64196000419874 0.221352027491975 41
"104" -20.4508702572823 115.473698771926 0.274646204179675 0.525575326858712 1.91364496891018 0.0738808612701179 39
"105" -20.2263438202247 115.348101048689 0.24173054129615 0.30179267912085 1.24846731200224 0.170921113414063 20
"106" -20.2644224470135 115.441726989403 0.214580821664054 0.255740054811285 1.19181226368715 0.138442878891508 30
"107" -20.3446159804321 115.592125046881 0.168095639224052 0.175952179399037 1.04673851273746 0.07414073 30
"108" -20.3628471830986 115.352629978873 0.383297745186939 0.765867586359579 1.99810094365688 0.0978045659876698 30
"109" -20.4530780487805 115.386492268293 0.828721983907335 0.666859649815058 0.804684396896154 0.819908706225162 10
"110" -22.4424889712794 167.165708036554 1.40061861470199 1.59559004008302 1.13920379419098 1.37025143248291 4
"111" -22.3839050508475 167.073110635593 0.190371354566447 0.176200024780144 0.925559547450948 0.151904284153788 4
"112" -20.2073979428571 163.944204228571 0.695190324409067 1.28809511067381 1.85286685594874 0.213212555987944 10
"113" -19.686609390681 163.612084767025 0.166492494091856 0.140621668437092 0.844612660793642 0.16197145 6
"114" -20.6909593782383 164.249061588946 0.0766186235624973 0.0499248622594006 0.651602181533283 0.079109273242686 4
"115" -22.3361238132296 166.229775525292 0.610162574082128 0.955951753174394 1.56671646833213 0.0343055222244219 7
"116" -21.4019309638554 164.926645662651 0.0218936884466706 0.00413189142631031 0.188725231765991 0.0218936884466706 2
"117" -22.3686810643564 167.094531935644 0.552117089932951 0.652099800590341 1.18108968637347 0.334377904374071 4
"118" -22.4104347207547 167.154145860377 0.241958252731348 0.267956043259607 1.10744742216801 0.217367562879485 4
"119" -22.4272556025641 167.207450974359 0.189190465 0.241447458209227 1.27621367286785 0.189190465 2
"120" -21.6468263953488 165.428670581395 0.0416866314195172 0.00312585634562735 0.0749846231078259 0.0416866314195172 2
"121" -22.392671704918 167.164708898361 0.132593928479954 0.138147903662462 1.04188710030827 0.102096550380294 4
"122" -18.47466 163.098 1.873917 NA NA 1.873917 1
"123" -18.4758648929664 163.094987798165 0.699144302949084 0.947959043306852 1.35588467117337 0.316507638309282 3
"124" -21.0032999305556 164.610157916667 0.449424045402619 0.602084457398082 1.33968011626681 0.099900565866189 6
"125" -18.47566 163.096321976744 0.00708821544459466 NA NA 0.00708821544459466 1
"126" -22.02134775 165.9544225 0.0782775464706739 0.0977289835386969 1.24849318795793 0.03156783 3
"127" -22.4434596571429 167.106172824762 0.26794189255616 0.282656102522254 1.05491567528213 0.21142573305517 4
"128" -18.0415 162.955406666667 13.6384455567744 19.135435010352 1.40305102445104 13.6384455567744 2
"129" -22.387458186227 166.879780339476 0.0739309918590341 0.0923383122821326 1.24897975747703 0.01496718 11
"130" -18.2132861861282 162.987522380158 0.0802006509797091 0.0681023533111194 0.849149632567813 0.0610587814484209 8
"131" -22.3132494179104 166.247240328358 0.359045042070368 0.67277096589969 1.87377873823373 0.215131896899265 12
"132" -20.9334165930599 165.503691104101 0.174589412371721 0.310332117274987 1.77749677405554 0.0696723400270279 12
"133" -20.2219481296296 163.876119964506 0.228933164293082 0.300434484272352 1.3123239929001 0.143383128740177 8
"134" -20.215848875969 164.447145736434 0.429692545998343 0.735150263879956 1.71087506806038 0.166115163631887 6
"135" -21.009361605948 164.612641333829 0.101769759748488 0.111171619481387 1.09238362904791 0.0493703188238939 11
"136" -22.3894248366959 166.291739132362 0.0497509185293142 0.0511319888723719 1.02775969537615 0.0319311791845467 10
"137" -18.0489853 162.951231978788 0.885879918964634 1.28557665065283 1.45118612932928 0.256379305798398 8
"138" -22.858224048913 166.805912880435 0.0727109732573335 0.0723624770633614 0.995207103159811 0.0416273232385794 8
"139" -18.3037658793309 162.993785910394 0.238558074844322 0.566645471299435 2.37529361212869 0.03801649 8
"140" -20.3872323232323 164.654334646465 0.115345675335845 0.169019388619641 1.46532922129518 0.0354995324897409 12
"141" -21.980315489555 166.909081861944 0.216203870901006 0.294718814528945 1.36315234921899 0.101737985756454 12
"142" -19.6142623561191 163.352940566703 0.0519891452012051 0.0575778635467346 1.10749779254689 0.0232476741036154 6
"143" -22.6503265251989 166.91791734748 0.116416086148592 0.0917108090102732 0.787784678598583 0.11338603 4
"144" -21.2239013658537 165.852263853659 0.277699570729191 0.266317543809308 0.959013163434151 0.201794687729155 3
"145" -21.6449285613208 166.393592346698 0.0725913800526154 0.100122409906101 1.37926031759598 0.02783058 12
"146" -22.4754463819095 166.399258869347 0.643935208198131 1.24001768483017 1.92568703969457 0.02958303 9
"147" -20.3928554139535 164.698798176744 0.061324708869362 0.0606382098548684 0.988805507157709 0.044517525062944 4
"148" -21.4114300992736 164.970010062954 1.96042577092112 5.34284652529135 2.72535007677489 0.0287434855323428 8
"149" -18.4592835416667 163.188844454167 1.53681441261415 1.18796715349907 0.773006254853062 1.13914007257977 7
"150" -18.2882133209302 163.07930292093 0.414736851343516 0.357509122387633 0.862014362190152 0.397521869229162 4
"151" -22.0115791535433 165.938677980315 1.42660101513449 2.10200455122565 1.47343547980546 0.330143534919718 8
"152" -19.6755161428571 163.9716220625 0.612069577423813 1.11698952728069 1.82493881166594 0.072495155 4
"153" -22.8923947318612 166.965193911672 0.0889472016340875 0.103031881291981 1.1583487664495 0.0300232438617218 7
"154" -18.32423 162.961120166667 0.04045435 NA NA 0.04045435 1
"155" -21.8746313986014 165.76029013986 0.330421976441347 0.646088233657684 1.95534280321204 0.0564175532951047 10
"156" -18.1509197649123 162.821540319298 1.05635744076478 1.16280526777686 1.10076875771804 0.630836319435978 5
"157" -22.092601386673 113.814750495049 0.869840944761408 0.71789030569511 0.825312156226473 0.466260739490036 3
"158" -22.6169068677191 113.554598412698 0.773343526430422 0.69802960356075 0.9026125902711 0.32353806285158 27
"159" -23.6071370455672 113.238562393999 1.86721502749786 1.98851757132323 1.06496442136496 0.827528153405495 20
"160" -22.0485908390063 113.806064465409 1.68219988169064 2.91351655334375 1.73196811214587 0.809567228217212 17
"161" -22.1984820005797 113.749982258065 3.05833253911045 5.82713967774833 1.90533226953902 0.953216944766509 10
"162" -22.1281985027784 113.793916425121 1.21426207071433 0.572518983432796 0.4714954022207 1.28559995 4
"163" -22.1534665676367 113.767844029851 1.3801089672919 2.17966071304372 1.57933957730941 0.565179027274891 12
"164" -22.6836193944485 113.486688888889 7.92146398866044 7.39625047163318 0.933697417828434 4.3825227713037 15
"165" -22.8433124865139 113.717590032662 0.263772657947609 0.587112055702067 2.22582605896431 0.12595896705056 29
"166" -23.2604911330159 113.756417986711 0.128749944427214 0.130458637608525 1.01327140907837 0.0920147125905386 30
"167" -22.119809944728 113.867038736673 0.268007552624386 0.288219852320375 1.07541690335987 0.1869583 17
"168" -22.4573615985704 113.727478161968 0.278463541756286 0.303013006085772 1.08816042550724 0.2231312 29
"169" -23.797563009302 113.399815269735 0.0584499796227191 0.0956779613785133 1.63692035473908 0.020776571537477 24
"170" -23.8081419634305 113.425961875149 0.157436628897055 0.269451357862346 1.7114909011329 0.03504607 28
"171" -23.7540541053423 113.272324478064 0.646445248287683 0.360708577956915 0.557987824819452 0.711119048707053 21
"172" -22.2407073468625 113.787522310875 1.0833364491321 1.74475835096318 1.61054153800601 0.509942566803531 28
"173" -22.1400226811114 113.814606629116 0.67255069720633 0.40434098218118 0.601205208560111 0.559000812194287 28
"174" -23.7782195146042 113.337175589277 0.466399200812869 0.523474116819526 1.12237352874358 0.217472664878354 16
"175" -22.0868864646407 113.826559339112 0.764295233239725 0.482970136127426 0.631915672272602 0.749756574006791 27
"176" -22.8303689256333 113.515097936508 0.914576828147574 0.531602846757694 0.581255538514383 0.75225416048889 20
"177" -23.7560425828195 113.292412917301 0.592681696384785 0.568511289483096 0.959218570357204 0.537136737898265 28
"178" -22.7733696367556 113.573193561077 0.797354607124643 0.706387271256048 0.885913575897386 0.557231856965776 29
"179" -22.2805857301504 113.775537651435 0.898737232853884 0.789616175874108 0.87858402546285 0.776775311968735 31
"180" -23.7866461608999 113.328603134503 0.600145350104428 0.417660148044019 0.695931657174956 0.549446345633719 20
"181" -22.1659929663742 113.838187477735 0.635518468461809 0.432244423741996 0.680144551563054 0.591993792181718 21
"182" -22.7193188576256 113.614255422972 0.309091861070539 0.404042065527362 1.30719089182084 0.1140535 23
"183" -22.8118655317571 113.677610986857 0.707509735525864 1.50502901582493 2.12722022080206 0.201239635524076 22
"184" -23.813415284101 113.464439204857 0.0980756521502829 0.227812584393542 2.32282507838399 0.01973581 15
"185" -22.7718853066942 113.641587909825 0.971409426309265 1.52266120011917 1.56747624521651 0.273501937126479 35
"186" -22.21505703865 113.793313984758 1.17921018999964 1.74326485237714 1.47833258833836 0.761821974353526 18
"187" -22.8627744175824 113.703276725275 0.361014880880083 0.355422420590051 0.984509058805558 0.41830303433674 9
"188" -22.6705766703768 113.595640043705 1.12194197596431 3.62026837676923 3.22678752941534 0.182190346591149 34
"189" -22.3332246345257 113.733626143079 0.873840333765029 0.829141004017867 0.948847257307785 0.757766 21
"190" -22.1712485072145 113.788838838612 0.848736800831577 0.433493404465545 0.510751276533332 0.711119048707053 11
"191" -22.3105826530612 113.774001496599 0.228053314875879 0.248286251052212 1.0887202020604 0.216136991636729 4
"192" -13.9456417489422 143.839141043724 0.255061998262705 0.273954372467358 1.07406973337202 0.17782779809205 18
"193" -14.4647222222222 144.887430555556 0.339610984149917 0.523857281327394 1.54252160788811 0.102050746811109 4
"194" -13.6678324022346 143.895134078212 0.240042779442957 0.22647411904337 0.943473990631692 0.160807 6
"195" -14.2886560402292 144.7681888125 2.2651757136395 3.84226427950909 1.69623233039862 0.476402068677661 15
"196" -13.949876870102 143.972076307347 0.417769710988136 0.708857269573949 1.69676558862373 0.138819520216717 17
"197" -14.0606650389109 144.000353762376 0.26226477140846 0.334792318689969 1.27654323107144 0.110530534165359 12
"198" -13.5254720496894 143.775931677019 2.95378066477213 5.94864692508442 2.0139094943745 0.561530845593837 7
"199" -13.9087719565152 143.841260424242 0.133122868054546 0.106355413734078 0.7989267004862 0.110663595532207 6
"200" -13.4759813108901 143.826430070549 0.151135560941563 0.136598465982663 0.90381419919749 0.138819520216717 15
"201" -13.524640625 143.77958125 0.154814690395098 0.0885541342342471 0.572000848293213 0.111152260442215 10
"202" -13.9809369995586 143.904494739898 0.0999204765244391 0.0760183156122988 0.760788161310518 0.0924807719087567 11
"203" -14.1432173913043 144.225652173913 0.124182519837707 0.0516061647224022 0.415567060403074 0.138819520216717 5
"204" -13.4761104972376 143.739276243094 0.138400723910182 0.157469288493065 1.1377779251737 0.0907695095821571 7
"205" -13.6513565891473 143.727178294574 0.29256889036885 0.191221956960119 0.653596343476711 0.232220386464383 6
"206" -13.5890578188034 143.770140555556 2.41365228619279 5.10908490881282 2.11674437864939 0.272162289754951 14
"207" -14.0740611112308 144.224174358974 0.513588829929295 0.531127771597002 1.0341497724359 0.273122910248519 7
"208" -14.0445504724277 144.012453606936 3.535207166351 9.55158076942272 2.70184470668001 0.253025770480634 9
"209" -13.997985915493 144.008014084507 0.233076398160086 0.135190640969116 0.580027158632606 0.271960779103791 3
"210" -14.0571232876712 144.248719178082 0.467573531543087 0.607756549384811 1.29980956659179 0.120734860243189 3
"211" -13.477374953271 143.733485981308 0.498619731762142 0.246664701156254 0.494695025976071 0.476402068677661 7
"212" -13.9359888888889 143.888977777778 0.288159621495948 0.494003834949927 1.71434093501845 0.0679654819457701 5
"213" -13.8073 143.782566666667 0.538598270068741 0.546248853027084 1.01420461851347 0.2272744 3
"214" -13.797 143.755 0.492620136970275 NA NA 0.492620136970275 1
"215" -14.13725 144.22825 0.467071083762794 0.609639505319027 1.30523923769307 0.467071083762794 2
"216" -26.1224120221481 113.233541974454 0.155489209911019 0.474696807030772 3.05292442673304 0.06416585 65
"217" -26.1399688706429 113.178257283295 0.396068412986148 0.930369977480195 2.34901331935484 0.08497119 61
"218" -26.1021613339305 113.245358340007 0.165282635403899 0.360024761455511 2.17823705784775 0.0580048925 54
"219" -26.1501657681831 113.19719438683 0.1804744219096 0.391703557691467 2.17041037476032 0.07860351 69
"220" -26.0457807736769 113.221626686281 0.0771899229928488 0.130404412104725 1.68939684156449 0.05397782 50
"221" -20.1166966216216 116.433637837838 0.0206867559594923 0.00621788109891109 0.300573038667184 0.01971497 5
"222" -20.1493395196507 116.219373144105 0.596896473633588 0.301191998630958 0.504596713057226 0.510875798390061 14
"223" -20.1404844613918 116.342126882745 0.351609017433143 0.229188496465247 0.651827698101702 0.385263494355531 16
"224" -20.1332096551724 116.431235862069 0.273398916366253 0.249161898749122 0.911349255003404 0.3615711 17
"225" -20.1542938650307 116.216891411043 0.488318424277945 0.117738297308979 0.24110967650478 0.47937017966185 4
"226" -20.138729 116.2031965 0.36058895903487 0.0725712356534575 0.201257508958946 0.391842600769758 4
"227" -20.1616979865772 116.221812080537 0.448095396853381 0.236755058609406 0.528358604600604 0.445005598576285 6
"228" -20.1412929292929 116.342842712843 0.621782580581806 0.406277389582727 0.653407480799109 0.616154566872288 17
"229" -20.118263322884 116.436426332288 0.660008405713087 0.854883056981588 1.29526086271273 0.440028477226566 11
"230" -20.1407135678392 116.213263819095 0.573172789198737 0.520372524180527 0.907880719369073 0.417300763052615 22
"231" -20.1301687533729 116.431101079331 0.957652575099494 1.08104575372385 1.12884962859473 0.546467936349547 8
"232" -20.1414379310345 116.423617241379 0.641873627798415 0.494438590584435 0.770305195869049 0.553199636849367 9
"233" -20.0728099173554 116.636718044077 0.475961616453856 0.65123129667314 1.3682433082002 0.21153607081299 22
"234" -20.0647174718196 116.63891489533 0.228533810275572 0.318083601406401 1.39184482603623 0.207333368576761 19
"235" -20.1143929411765 116.428908235294 0.163231087596582 0.0973656899620268 0.596489868416863 0.192240979536322 4
"236" -20.1200224315069 116.462464726027 0.425103306226742 0.484112948203431 1.13881247478516 0.196404066915331 11
"237" -20.1303624197002 116.436284047109 0.197847950074207 0.231684333826455 1.17102215989378 0.107355970347094 10
"238" -20.1513792482381 116.22559036805 0.592534658094948 0.260531931124151 0.439690619890124 0.565363926011533 19
"239" -20.1413881748072 116.421335475578 0.227507629520459 0.19351008095267 0.850565237572695 0.220012960185357 7
"240" -20.0646598726115 116.643977866242 0.7273267249222 0.445282161595112 0.612217517021312 0.77826371086189 15
"241" -20.1286893772894 116.437098190476 0.548563482186998 0.513892163565493 0.936796159884216 0.358747157799839 10
"242" -20.0570403567447 116.636345121516 0.427127143356547 0.426450610074146 0.998416084547837 0.296456000356398 17
"243" -20.1395397283531 116.420972018676 0.547285750259303 0.596035348100192 1.08907521859977 0.455672236725437 18
"244" -20.0703522556391 116.654472071429 0.109448730937369 0.0460780901852443 0.421001593993923 0.1041902573231 5
"245" -20.1248648148148 116.436867611111 1.26606089179194 1.24832187341796 0.985988811052468 1.03905087240133 3
"246" -20.0719898190045 116.635617719457 0.677193565872043 0.249888170463307 0.369005529669376 0.707133753123575 25
"247" -20.1245618547297 116.430348150338 0.499545792128556 0.185298837533345 0.370934637931369 0.486331055088693 10
"248" -20.1258275132275 116.431928126984 0.520993873162499 0.378423406459991 0.726349053133607 0.404456626863625 5
"249" -20.1358328358209 116.426889837178 0.783680062111222 0.544449880910514 0.694734888933852 0.622939918908977 20
"250" -20.1251913043478 116.437631014493 0.658412964546222 0.481550482048272 0.731380619730288 0.684839918880729 3
"251" -20.1135 116.438380137931 0.338821655654697 NA NA 0.338821655654697 1
"252" -20.1323588911223 116.427061976549 1.04503445470922 0.586292651879757 0.56102710225271 0.817321197546069 20
"253" -20.126220873385 116.435503875969 0.810912948729001 0.65942113620579 0.813183631164535 0.804873564422041 18
"254" -20.1461005904059 116.22535301353 0.468041511251924 0.22690535772284 0.484797506776504 0.487812390830562 17
"255" -20.1438415613682 116.208718309859 0.781902145772412 0.358979901636674 0.459111032726545 0.7088894 17
"256" -20.14018168 116.4102892 0.608237970923477 0.316644518164234 0.52059314495522 0.59261901395127 6
"257" -20.8678321418039 115.507781122251 0.107472149475105 0.0811737585118374 0.755300409532057 0.0829930093917078 26
"258" -20.8895034356527 115.569418530337 0.052553134141283 0.0971842999226736 1.84925792744168 0.02398696 25
"259" -20.8788911078473 115.491324496497 0.190228225403204 0.371283611613006 1.95177982040278 0.134311310977984 30
"260" -20.7997555148998 115.479542654035 0.181275273195703 0.113666352887438 0.627037272561301 0.135414921955969 23
"261" -20.8505790921067 115.478411121513 0.15728204282661 0.18279780377773 1.16222933332096 0.135414921955969 27
"262" -20.7632992266949 115.490039172914 0.198357350154638 0.190011060822784 0.957922964158642 0.204251035999059 15
"263" -20.5705662381847 115.543160746168 0.111262980835308 0.0767247129777649 0.689579880044138 0.122194893241066 13
"264" -20.6963248034657 115.384172419654 0.583511292623936 0.906763081646306 1.55397692059869 0.06574825 25
"265" -20.8260380816313 115.494146549326 0.177946209770739 0.214102799488652 1.20318831047031 0.06574825 43
"266" -20.7382918227122 115.487063573964 0.215623316618422 0.170339464315008 0.789986291772189 0.161542367442645 19
"267" -20.8195247636111 115.500858223502 0.139969752473965 0.273844199885718 1.95645269814029 0.033956 32
"268" -20.8636397869824 115.492715327092 0.108517477528061 0.139985807888165 1.28998398301294 0.06574825 35
"269" -20.9413883221759 115.524643988677 0.171557524597579 0.248003199243253 1.44559791140022 0.06574825 35
"270" -20.8670895613501 115.527327062201 0.179621626644258 0.327067638257747 1.82087003869255 0.06574825 17
"271" -20.5465495256328 115.565064122702 0.220853640501406 0.367469592296766 1.66386024456059 0.1411332 12
"272" -20.5146251802494 116.718258978675 0.191056594432441 0.282432850548138 1.47826800423792 0.0845980392424379 28
"273" -20.5599197928089 116.717230887617 0.129544518620268 0.0960125137643175 0.741154583666774 0.109682833225975 18
"274" -20.4266296618738 116.7878153535 0.189879219997855 0.121362874612364 0.639158274474345 0.179770075 36
"275" -20.4554761917783 116.653973884408 0.251734755352163 0.253149924644129 1.00562166829124 0.226017899715763 28
"276" -20.3983767403704 116.788069405321 0.184927486452294 0.256870511809692 1.38903370579233 0.0905973084848759 23
"277" -20.4271808891198 116.682688857479 0.401269248661371 0.82099957864324 2.04600671838693 0.219129299857881 26
"278" -20.4132889862353 116.709227194245 0.263374017329961 0.28121684024695 1.0677470887139 0.258166237462588 29
"279" -20.5372249408134 116.719535648148 0.273588976820679 0.310040210227192 1.13323356017521 0.175977287659857 20
"280" -20.5071366280003 116.697132525697 0.107920219950606 0.118797454184251 1.10078958547919 0.0462470736979043 28
"281" -20.5096878600094 116.760859571833 0.227769329246569 0.301427071843286 1.32338745010299 0.178673456218298 21
"282" -20.4930486030125 116.691642860734 0.098701228422629 0.0752327949238219 0.762227543933723 0.0872789104464998 16
"283" -20.4308777156729 116.722185854491 0.236030958647498 0.225414763974082 0.955022024507935 0.186862267790797 35
"284" -20.5214830622484 116.682778580678 0.32548211577459 0.846884597609253 2.60193895936131 0.130200676451951 24
"285" -20.3958853169113 116.750412647753 0.207477893219869 0.228708507027355 1.10232711291794 0.116972464524294 21
"286" -20.4543096067735 116.727254104868 0.272382278472035 0.435878689973473 1.60024614089651 0.180774887308242 42
"287" -20.7708205990543 115.444736545102 0.18198414117264 0.32516723388296 1.78678884757595 0.06690553 35
"288" -20.7909188402464 115.482421760481 0.100270661037648 0.169076147486332 1.68619759495602 0.04678877 30
"289" -20.877730956681 115.521201974927 0.30195603819281 0.40407702951135 1.33819820901655 0.130340895297191 19
"290" -20.8509873301875 115.532077922515 0.131054447833061 0.241180016229107 1.84030393639386 0.04678877 35
"291" -20.7511865890492 115.430701321975 0.273557727548392 0.582249682933346 2.12843441913132 0.03586323 30
"292" -20.8165666762661 115.494274711549 0.100927790943393 0.0858668386518575 0.850774973367023 0.081292671819206 10
"293" -20.8060786395315 115.475930433231 0.102909329906533 0.0749360028412195 0.728175014930912 0.075497818755507 14
"294" -21.7922965169231 114.129730948718 0.172086222968897 0.262950988553289 1.52801882693895 0.04121677 10
"295" -21.7896343414875 114.1407078475 0.223628592151814 0.270668759551813 1.21034952171082 0.1418109 15
"296" -26.2778167972614 113.260008064315 1.02316563025242 1.99642419907585 1.95122289104192 0.252080561210961 9
"297" -26.0773485284741 113.152729722963 0.500966894087344 0.908840510132546 1.8141727943685 0.0816299490329513 8
"298" -25.9515264701456 113.063210956311 0.184155218018278 0.267204127856095 1.45097234132988 0.0307052741831313 10
"299" -13.9420388920946 125.637852914022 0.247834627646558 0.277897926174963 1.12130386626714 0.184202183423181 18
"300" -14.0902076865109 125.72513933685 0.169255071399911 0.24390824251282 1.44106903560084 0.0835884188634204 19
"301" -13.8887591715976 125.747726331361 0.602039277441922 1.17560648023181 1.95270728053988 0.0635165565487948 17
"302" -14.1631314285714 125.762846761905 0.118302252566185 0.0630477870700453 0.532938179133763 0.124770974131372 19
"303" -13.8929445967742 125.80323766129 0.400909180604556 0.867152788641492 2.16296565554787 0.123453971449781 20
"304" -13.8346642259414 125.831076359833 0.382071142290762 0.687288864974516 1.79885049902952 0.1475051 17
"305" 19.0423791734007 38.0269202310017 0.0911336159816789 0.0293296364860647 0.321831150559866 0.0910225713321737 7
"306" 19.2261712329073 38.0007180266854 0.0952847650773842 0.0309993612183488 0.325333868359471 0.098460548082371 6
"307" 19.217329999458 37.8065535795218 0.0700598251239428 0.0421492148622406 0.601617471748959 0.0818706816364859 5
"308" 18.961155609554 37.6942502334389 0.106481829939477 0.0974108742020709 0.9148121727194 0.108558168082371 6
"309" 18.5175035136225 38.6669394669113 0.0887360397598622 0.0409354055243528 0.461316570303705 0.108124268082371 6
"310" 18.8738405450099 37.4511081422544 0.113203648334126 0.0402929547211292 0.355933358280139 0.119651821923037 10
"311" 18.8834642575314 37.417529675523 0.128151543846075 NA NA 0.128151543846075 1
"312" 18.8708838885377 37.7506902028302 0.170914933239859 0.12191436602438 0.713304353887485 0.128151543846075 5
"313" 20.1032831247709 37.3408342022251 0.0956699402493658 0.117939142549196 1.23277115300569 0.0728009632745508 10
"314" 20.8460839409948 37.2716494456544 0.0939690779935861 0.0548337423014274 0.583529640518236 0.105523841923037 6
"315" 18.7342031865011 38.4912829921523 0.0684304946051403 0.0539556537646144 0.788473824074354 0.0801265155890518 6
"316" 19.1339203639201 37.6169584074047 0.0584247544559095 0.0294377305046543 0.503857154023123 0.0574132955994187 6
"317" 19.3002557612457 37.700460349481 0.142649271736013 0.198823712872181 1.39379409689609 0.0743384444924348 6
"318" 18.6837768353957 37.7507209604317 0.3177857925323 0.390808596087359 1.22978624366172 0.145870509584448 5
"319" 19.6338204379903 37.2837874137772 0.105213218621505 0.0360370533219546 0.342514503349571 0.118521321923037 5
"320" 21.2007780532787 37.2170583703415 0.120181020773542 0.0109140882048545 0.0908137419253583 0.128151543846075 5
"321" 19.7284285833865 37.4979779014343 0.0859808019032651 0.0712187415743281 0.828309808676298 0.0614340322212056 6
"322" 19.1535556800284 37.9802354337589 0.0602240389258522 0.0375710340098704 0.623854438858341 0.0684284274335045 7
"323" 19.4513040988153 37.4211748004878 0.0709806875423905 0.0343600744494275 0.484076382451315 0.0481784973347061 5
"324" 19.2114387012336 37.6673399490464 0.0980102182553667 0.126444591032317 1.29011641115689 0.0545066456142074 6
"325" 20.9335712158294 37.1839126376303 0.0574221056989108 0.0634561229343506 1.10508178273849 0.0386311451730836 3
"326" 19.5169268712943 37.31684952797 0.117899742219495 0.120415399191602 1.02133725591548 0.0710206552691243 6
"327" 20.7503484232026 37.2340594706373 0.204550823469451 0.146164379567572 0.714562655326596 0.231261167028654 6
"328" 21.2170492503137 37.2170795640392 0.0883967521286934 0.0388371881135355 0.439350849191766 0.0947811121335695 6
"329" 19.6338611282069 37.2837311282069 0.128151543846075 NA NA 0.128151543846075 1
"330" 20.3349459316162 37.3168320989899 0.128151543846075 0 0 0.128151543846075 3
"331" 18.7378357191803 37.7503919672131 0.241815353686165 0.103570294070585 0.428303217689812 0.232203648613553 5
"332" 20.93355024 37.1838966036364 0.119900193485163 NA NA 0.119900193485163 1
"333" 20.3338134858896 37.3168470785276 0.128151543846075 0 0 0.128151543846075 2
"334" 18.4465340799373 38.4378081350784 0.0698123652929244 0.0438247112971889 0.627749985454662 0.0478285503627258 6
"335" 21.7506867716437 36.883913475872 0.335278128681849 0 0 0.335278128681849 5
"336" 20.5839622435666 37.3337104500512 0.0561958882576354 0.0387501554619078 0.689554995273925 0.0612341488019528 5
"337" 18.817523527883 38.1339701406407 0.0748215005450276 0.0291573234934793 0.389691776843375 0.0600054402645508 5
"338" 21.0004498676471 37.3005176397059 0.0868893583454054 0.0120529626943942 0.138716212478873 0.0868893583454054 2
"339" 18.4543387328281 38.4340204183258 0.115901661188525 0.0363053327778659 0.313242557574837 0.123267060961519 6
"340" 21.000486754717 37.3005283773585 0.1080233 NA NA 0.1080233 1
"341" 21.7668390792308 36.8838309207692 0.07149517 NA NA 0.07149517 1
"342" 21.2008477358491 37.2170505056604 0.09556878 NA NA 0.09556878 1
"343" 21.5001893037475 36.9669474263708 0.11127991217766 0.0258045571147006 0.231888726453191 0.128151543846075 5
"344" 21.7667668675444 36.8838405584911 0.106174730087608 0.00620931815899957 0.0584820715237615 0.1088911 4
"345" 18.8173463588636 38.1337860729545 0.0185857385803515 NA NA 0.0185857385803515 1
"346" -12.1968134661199 123.130554752366 0.405636921215166 1.22722569932866 3.02542898622803 0.0362533626151347 16
"347" -12.2368022527948 122.995116996361 0.0688443722505907 0.0740624256670769 1.07579491606798 0.0324527021262183 18
"348" -12.2483443855566 123.151704319569 0.130399571750151 0.178025488367756 1.36523062137702 0.0393702236597001 15
"349" -12.2928871094449 123.021486011454 0.0973942791593061 0.118281618366459 1.21446166435492 0.0298805301582072 11
"350" -12.2234245928102 122.985872023462 0.17066976521766 0.286898663241322 1.68101633511613 0.0632790527165027 17
"351" -12.237976133931 123.004454628955 0.625308034361482 1.94568150334 3.11155685905553 0.0271002420548699 19
"352" -12.2578160435196 122.948437656735 0.0698271310046145 0.0818703353155897 1.17247170458972 0.0270700934119896 10
"353" -12.2264933096935 123.012961725415 1.68223784245685 4.87210386375274 2.89620393786719 0.193909675826072 19
"354" 18.7501259977528 37.7502953101124 0.0952027644030159 0.0333470768085086 0.350274249047459 0.104456485666087 6
"355" 18.9668082833099 37.7002503028169 0.110818244615358 0.0164545852062942 0.148482637163283 0.1088911 3
"356" 18.7341426388184 37.7503963285303 0.12249661176905 0.00764408784359049 0.0624024430814652 0.124930312903601 4
"357" 21.2007832459459 37.2170975702162 0.115494404670648 0.0177603414698879 0.153776639834064 0.128151543846075 5
"358" 19.933728833137 37.4001826206116 0.0450094608330239 0.0527268366263641 1.17146119172523 0.0301706516942895 6
"359" 20.2175284982037 37.3008091768034 0.0412501818309625 0.0443923065593647 1.07617238491889 0.0277286946250749 6
"360" 19.3002540054348 37.7004626413043 0.119276056537774 0.0927748741066929 0.77781641009662 0.101773614228564 6
"361" 18.6921127099605 37.7505787075099 0.150754361533008 0.0901383482793433 0.597915359547375 0.131478033532797 5
"362" 19.2002398064993 38.0008038833087 0.0714847475740236 0.0287805216679979 0.402610663739075 0.0602842165592021 6
"363" 19.1370074308178 37.6008826728972 0.104252114092546 0.0408528617298768 0.391866026751373 0.108889337453855 4
"364" 19.5170034823901 37.3174873807418 0.0632370060249627 0.0147997361081955 0.234036002627217 0.0644759867435408 4
"365" 20.8342047190966 37.2834694979128 0.102920733660483 0.0449447473559211 0.436692838822794 0.115135128667498 4
"366" 19.2338859469417 37.7006172731152 0.0387333881005771 0.023601437504607 0.609330571426447 0.0361525045547832 6
"367" 21.0335610299512 37.3345905078049 0.027751481337463 0.0124593978148052 0.448963342291416 0.0256928976910375 4
"368" 18.8675910234454 37.7508303501401 0.0927460184561369 0.0622778261093292 0.67148786703747 0.0984436375506305 6
"369" 18.7340630024031 38.488052519845 0.196351050238186 0.140406752102634 0.715080219496215 0.141278427713118 4
"370" 18.7984954912639 38.1669224196009 0.0864631582145592 0.0451063203561967 0.521682544191422 0.0906145556092156 6
"371" 19.134243427 37.6168835618889 0.0586381024731544 0.0312278010703402 0.532551357449482 0.0586381024731544 2
"372" 18.7338949761644 38.5000136986301 0.051986719810331 0.0480776041449407 0.924805494948471 0.051986719810331 2
"373" 19.200897302521 37.6672919748109 0.0862712452518196 0.0608425384654629 0.705247018144549 0.0987747836318248 6
"374" 20.3338079401116 37.316885443817 0.0901030230505759 0.0585578091689014 0.649898385052322 0.0903196824666348 6
"375" 20.8841696625 37.2334204479348 0.126926797641421 0.0286893149651261 0.226030400973133 0.112466820010004 5
"376" 21.5004174708249 36.9673214737827 0.0338284471131671 0.0301161479273011 0.890261022817655 0.0261250113898754 6
"377" 21.000475155 37.30077974 0.0782743478621311 0.0353851899132501 0.452066237275794 0.079195824238899 4
"378" 18.4340834061765 38.4501649754902 0.0810286535864633 0.014101405818481 0.174029867143649 0.0779668190453336 4
"379" 21.7508763809524 36.8835111615238 0.0750231541258575 0.0459735217718238 0.612791108391677 0.0903990641282625 5
"380" 18.5416593324793 38.4341878944628 0.0367716687979006 0.0127886967193997 0.34778668299465 0.0367716687979006 2
"381" 18.7341882700682 38.4893691003138 0.0524175614544313 0.0381021221793349 0.726896122637422 0.055697052141804 4
"382" 19.9220829382002 37.4006036746872 0.0588023192553863 0.0504746465500716 0.858378499168605 0.0459800142725554 9
"383" 18.6841178771311 37.75055 0.100198443843489 NA NA 0.100198443843489 1
"384" 20.9273489148733 37.273656087357 0.122899207377771 0.0669953667237575 0.545124481704958 0.0910225713321737 12
"385" 18.6837843172 37.7506243866667 0.0828724565231483 0.0236309913388054 0.285148918352682 0.0828724565231483 2
"386" 19.2009623793103 37.9756981606466 0.203723678159701 0.169976477465456 0.834348167090378 0.203723678159701 2
"387" 20.8366010976934 37.2244926361465 0.168802610754657 0.209243207588934 1.23957329009001 0.106459308307293 11
"388" 18.4657891959569 38.4338880168733 0.105155105635107 0.0694386475902913 0.660344993910675 0.121888128709438 4
"389" 20.9335359514483 37.1909460962759 0.165952660954106 0.082864084065391 0.499323623911684 0.118138586927779 6
"390" 19.4971479269286 37.5057992819464 0.107337963642219 0.0438586752206981 0.40860357074491 0.090431100792762 5
"391" 18.8825771601875 37.75042935 0.114475681690753 0.0985573448279392 0.860945690580676 0.0890418628028268 5
"392" 18.450629973545 38.4340449251323 0.0883284865025854 0.0220104167524619 0.249188202175497 0.09541209 5
"393" 19.6337340448657 37.2837733955224 0.114028348982069 0.0223727817144849 0.196203680174331 0.114516187494171 4
"394" 20.5840147585862 37.3340231387931 0.0519801926111879 0.0314781869918755 0.605580422283782 0.0435751769205267 6
"395" 18.7501930135593 37.7502885220339 0.0854273097184919 0.00672688668134236 0.078743983668799 0.0854273097184919 2
"396" 19.2338866943777 37.7006391759657 0.050654095 0.0537991799996101 1.06208945199021 0.050654095 2
"397" 18.8672721691964 37.4671921602679 0.160393599170899 0.0728355328235945 0.454104984239355 0.160393599170899 2
"398" 18.8837040025862 37.4334170887931 0.183469994006345 0.02380974016395 0.129774573182395 0.183469994006345 2
"399" 19.137236333418 37.6103193110854 0.0814155902185723 0.0223291712534117 0.274261614924926 0.0854621788282582 6
"400" 21.5003386995305 36.9672749944601 0.103501834857661 0.05776526273359 0.558108586316662 0.0891436163436653 6
"401" 20.1832567868564 37.2997816481752 0.0856415831595731 0.0538504088230767 0.628788105455022 0.0910225713321737 7
"402" 18.8004021247637 38.1507188090737 0.14875056729078 0.119899217499688 0.80604208564333 0.109587057589124 4
"403" 18.9174320510497 37.7008205745856 0.117709200444665 0.0147677036612305 0.125459213089912 0.117709200444665 2
"404" 19.26568525 37.8039628017241 0.0506688332100532 0.0340774708057399 0.6725529017901 0.0343254264775171 3
"405" 21.2109107804608 37.2171398351613 0.0902208525718793 0.0388585804816396 0.430705090607305 0.0915466176470916 4
"406" 19.2071435219048 37.6673170694286 0.0768546812585312 0.0200364222923563 0.260705294254697 0.0768546812585312 2
"407" 19.5172833359664 37.3173912771429 0.0762865209888677 0.0821354874953924 1.07667103481332 0.0762865209888677 2
"408" 21.7667211400374 36.8838447029533 0.059644915450422 0.0157486418891065 0.26403997340221 0.0579500115140705 5
"409" 19.2002477714286 38.0007607428571 0.042350583492338 NA NA 0.042350583492338 1
"410" 19.3000920352423 37.7004096211454 0.0353650862561277 0.0189244230569226 0.535115987555202 0.0353650862561277 2
"411" 18.9672274248 37.7000384533333 0.0454063582780954 NA NA 0.0454063582780954 1
"412" -7.24688905033074 72.4431462582686 0.156176299328986 0.375054191797275 2.40147956769818 0.0136931784661554 10
"413" -7.39113337390351 72.4452913669591 0.142943959563004 0.202029930772504 1.41335059830533 0.096415821798191 10
"414" -7.37971680733945 72.4604819266055 0.0374108777861527 NA NA 0.0374108777861527 1
"415" -6.64462834418949 71.3423023488774 0.0324122919115024 0.0435405935608207 1.34333584553979 0.0122008130461244 16
"416" -5.36927537922078 71.9657175815296 0.0549415994486863 0.0950374605635928 1.72979056884492 0.0231591101841698 8
"417" -5.43157186405724 71.7594477167509 0.359983111881931 0.647617530542062 1.79902197954906 0.0982611226231833 18
"418" -5.4379419761236 71.8231335627341 0.138278707523985 0.210607988555618 1.52306882474359 0.0715907938042469 20
"419" -5.29647771731449 71.9679451413428 0.149967378351663 0.448002020807006 2.98732981619825 0.0314585815706105 18
"420" -5.29951527120908 71.9754956513026 0.0374751561584973 0.0815525643558271 2.17617677191014 0.004804805 7
"421" -7.35939801194743 72.4434283751493 0.0110815876031243 0.00486707861603418 0.439204091538469 0.008952993 5
"422" -7.38923234 72.4626221666667 0.726380257206642 0.633690945109258 0.87239560660166 0.726380257206642 2
"423" -7.33562854665542 72.4574670095559 0.0245194844500841 0.0196873302122333 0.802925944561031 0.0217207598841886 11
"424" -7.41191218707483 72.4304563038549 0.301008582488712 0.257645386905299 0.855940334907096 0.252223477839751 7
"425" -5.31017417118437 72.2506823345543 0.0649349768855254 0.163294228137062 2.51473452319749 0.0246695576985506 20
"426" -5.33607076473234 72.2309504003599 0.108616228881711 0.104012102230108 0.957611061449971 0.0660429158841874 17
"427" -6.16275868137596 71.5349658252259 0.267458142105772 0.474625588391874 1.77457894777484 0.05936159 14
"428" -5.3249892625 72.2417246875 0.233453470465018 0.360667626248953 1.54492295844022 0.076470618041085 18
"429" -5.43605300271739 71.7552643240489 0.0437747298659908 0.0233346727654085 0.533062633095482 0.0338875 7
"430" -5.40119838105727 71.9094026284875 0.202750747401616 0.436576091198499 2.15326501526386 0.0267647423076981 17
"431" -5.43705239554318 71.8236994846797 0.168187073012981 0.388773955696691 2.31155670130893 0.0315822682820213 18
"432" -5.30663238426821 71.9734737859445 0.0168990147677691 0.0197141559549746 1.16658611320789 0.0129052553285515 14
"433" -6.18891391147245 71.3398830201747 0.11128693975956 0.102489967156333 0.920952336166015 0.0859987421890518 16
"434" -5.31772344036697 72.242391983945 0.141759277461644 0.282844270492967 1.99524345466205 0.0652109389221313 17
"435" -5.29911166773779 71.9678803084833 0.361694429050844 0.668100984405906 1.84714203688216 0.0618063510483134 19
"436" -5.43912952680344 71.7635698941099 0.238450803591822 0.363469681055152 1.52429631429272 0.0612249199648909 18
"437" -5.28865910701107 71.9745138868389 0.0377307572123449 0.029713195293053 0.787505936491816 0.02429669 9
"438" -6.64256751937984 71.3471746434109 0.300467130113921 0.553672792626205 1.84270669612441 0.0540905910398092 13
"439" -6.64026018678161 71.3359369109195 0.225887010288573 0.42048093034715 1.86146573815812 0.0636922294306533 8
"440" -5.25314194726166 71.8001586663286 0.0552278009745935 0.0501219284742035 0.907548871939717 0.0316046307126101 16
"441" -17.1050912002861 119.656338675588 0.0869403703386055 0.121790288960767 1.40084851820198 0.0522487595002487 16
"442" -17.3425161125184 119.383884128925 0.0434746169224038 0.0517065824268185 1.18935107626383 0.0299770103638476 19
"443" -17.0372109109852 119.621880945455 0.149369654469313 0.134525318647566 0.900620136837785 0.0925537113316254 17
"444" -17.2766107010629 119.372896864064 0.0639433159285204 0.0908101483693061 1.42016639347917 0.0176749243499665 11
"445" -12.2191604779412 123.007196599265 0.110605302267007 0.200124077232736 1.80935337755894 0.0359759733079772 19
"446" -12.2009557082107 123.12955027805 0.117533507432488 0.136344354318463 1.16004667347122 0.066099465103387 19
"447" -12.2784159324943 123.004999113272 0.181808354705532 0.19577388816553 1.07681458579073 0.078736388673434 19
"448" -12.1975504125737 123.02614848723 0.147353475994091 0.0936784818129174 0.635739884525521 0.154455923178641 18
"449" -12.2936066159696 123.099944942966 0.135661085021296 0.281991387368945 2.07864611524136 0.0341200123638466 20
"450" -12.2280441563322 122.95919485156 0.110486814986209 0.146195255069087 1.3231918676209 0.0260163396410301 17
"451" -12.0917408083436 96.874541548055 1.09164136493664 1.73847827446952 1.59253609317967 0.105805169388592 15
"452" -12.1148148508243 96.8772243241958 0.185153642616085 0.451765777925188 2.43995079730579 0.0334395281952676 12
"453" -12.0954522118367 96.8569011157421 0.493405695060329 1.09460425420366 2.21846700425666 0.124366587192394 17
"454" -12.1333000512725 96.8631881182593 0.423846297805943 1.13100870232435 2.66844067809265 0.100063606680533 16
"455" -12.1053009676763 96.8524788012019 2.43603032888235 2.86886293361331 1.17767948108 1.52123840858081 16
"456" -12.1566816172651 96.8667929249687 0.077878246286902 0.0380445081430004 0.488512645788724 0.09005826 9
"457" -12.1349306300424 96.8413519692797 1.211460342615 2.23870448436902 1.84793872784697 0.463356695779588 7
"458" -12.1273142805832 96.8814376169762 0.532643909387652 1.38145156005325 2.59357431053971 0.0968841165633272 11
"459" -12.1576467685039 96.8401628188976 1.40835465133812 2.22839261229785 1.58226666144113 0.0130626998434646 17
"460" -12.1298803151282 96.8303112911966 4.11060034816268 2.50104226432402 0.608437223881886 3.90934091770101 18
"461" -26.1475609283333 113.196946489583 0.218483252910724 0.22421964149931 1.02625550705678 0.093608515 7
"462" -26.0120013384112 113.123260888569 0.102523918854609 0.114315582089977 1.11501377792718 0.0474188200751311 18
"463" -26.1839331497152 113.187916912513 1.40914845261691 2.10415161546413 1.49320790975326 0.303315109978788 13
"464" -26.4349960590382 113.327158835178 0.862748585011255 0.856353428879097 0.992587462624382 0.5763288 25
"465" -35.0616021954562 116.300108135237 0.539372624395542 0.513339068231738 0.951733634622301 0.440419509371909 26
"466" -34.9879719043227 116.401603043775 0.312878949423981 1.0618245833958 3.39372330848926 0.07312148 43
"467" -35.0582842799931 116.323618699913 0.6895385369011 1.39738442511308 2.02655014960173 0.451494630310045 51
"468" -35.0087744620233 116.377089221928 0.641938504806056 1.39537726052846 2.17369304081555 0.234238910180704 34
"469" -33.5260484375 115.010462890625 0.0962116507391432 0.0574574004523761 0.59719794859522 0.0712001599849977 5
"470" -34.0956511964736 114.964034571788 0.0557019332212972 0.0475391882533815 0.85345670256208 0.0382694427200723 35
"471" -33.5341681672026 115.003460289389 0.114745815990184 0.0780367402500918 0.680083535741012 0.113908227125932 12
"472" -33.5209353773585 115.009440330189 0.0958103962615064 0.0456366338148198 0.476322357442907 0.101384941279854 8
"473" -33.4998760636423 115.009519421034 0.291886304148166 0.434284564849568 1.48785523225207 0.0985894242035662 40
"474" -33.6446070403254 114.982402799784 0.198041197983846 0.527511234533601 2.6636439281519 0.10862961098025 50
"475" -33.5378027272727 114.99826 0.136672858063485 0.104200450953218 0.762407784761598 0.11991930082257 10
"476" -33.5280110849057 115.006204775943 0.114764520535773 0.120173412613145 1.04713035049613 0.0550579778844762 30
"477" -33.7087261884669 114.966237791842 0.0929619039963855 0.0643688394281676 0.692421698147129 0.074966098946082 17
"478" -33.5393883127803 114.998817926009 0.0697348879607583 0.0404418465219651 0.579937068870359 0.0676116960570843 18
"479" -34.0938950196519 114.96557381808 0.0471750576480491 0.0556232578570642 1.17908192655626 0.02897604 35
"480" -34.3840511191099 115.095243147906 0.0487130468504476 0.0339663594835726 0.697274378830205 0.0438888564319024 35
"481" -33.6662599439776 114.988169495798 0.0897337919636205 0.0878572719412607 0.97908792238357 0.0741872094321463 8
"482" -33.5673476976744 115.007680906977 0.0862739311741312 0.0723790982960585 0.83894517510709 0.0634920657745237 13
"483" -33.5026354399773 115.008384961025 0.308595833407659 0.666052667507468 2.15833331303474 0.107672914251371 51
"484" -33.6168602216714 114.970217955184 0.124873316415484 0.188252548252117 1.50754823893485 0.0513381315143781 30
"485" -33.492328684129 115.009649874839 0.259988767753666 0.318634752848831 1.22557122602593 0.0959196974950998 10
"486" -33.6325926655128 115.269700822155 0.115503070043445 0.144698636722048 1.25276875036847 0.05752715 42
"487" -33.6157352680653 115.389104079254 0.139599624703745 0.196652309831016 1.4086879549164 0.0389910488149792 8
"488" -33.5903056211454 115.388712026432 0.294561374766503 0.263683996876414 0.895175061854033 0.201233147136991 32
"489" -33.6201282666667 115.175288419048 0.163560873732607 0.214022691659368 1.30852010493205 0.0793148660495624 38
"490" -33.5817670800451 115.191353664036 0.105934703479505 0.134583594705358 1.27043915057916 0.04871847 17
"491" -33.5331956409736 115.070245057471 0.111364460516469 0.103869678150397 0.93270041150189 0.0872895467504479 27
"492" -33.6835089242211 114.940020697889 0.100951562963678 0.0835650167968849 0.827773383032721 0.0695423944619513 26
"493" -33.5197598030204 115.001160288903 0.140147958210169 0.106004799279118 0.756377764135174 0.103968235062836 32
"494" -33.5354290065041 114.996004389431 0.176911123866676 0.139638456908874 0.789314170058112 0.130645469046624 30
"495" -33.6830436118286 114.973834742652 0.1437797183931 0.118057522238625 0.821099968465998 0.112410045009611 44
"496" -33.6654296969697 114.97701 0.195197273455786 0.132192675606959 0.67722603531602 0.21341555 8
"497" -34.0611259901599 121.999853210332 0.157535679876017 0.214381937628803 1.3608468748002 0.0847362706473368 24
"498" -34.0573327722772 121.953315412541 0.248695892030478 0.374033358963722 1.50397883901469 0.176303377138737 24
"499" -34.0406461577608 122.010364656489 0.183694859120449 0.0995047251023327 0.54168486575385 0.2665553 24
"500" -34.0665618904824 122.008655932203 0.258623108592988 0.428986468434954 1.65873216345133 0.179416720460391 21
"501" -34.058184030303 121.865939939394 0.585442924943864 0.965370243767992 1.64895705906867 0.221489946519912 24
"502" -34.0273153187919 122.020918255034 0.192494046416564 0.102803886374337 0.534062680317218 0.2665553 15
"503" -34.0233130670103 121.966140412371 0.430698704366227 0.955193523990557 2.2177766366772 0.2665553 14
"504" -34.0570252986513 121.988446878613 0.118049204951111 0.0952309531032807 0.806705586392724 0.0695415 23
"505" -34.0445487946429 121.975832209821 0.192756403412492 0.254656901913691 1.32113329261874 0.155293234195226 30
"506" -34.0612142962963 121.922020666667 0.827809713937051 1.068479117392 1.29073034467104 0.2665553 22
"507" -34.0299486252772 121.983583702882 0.538187111600696 1.42522987513298 2.64820513983326 0.1287270425 12
"508" -32.0358861284404 115.389017798165 0.392808894453833 0.557234956489116 1.41859047581879 0.3333716 47
"509" -31.9806240917108 115.483562962963 0.6183584581851 2.81471199125698 4.55190990597628 0.131110538305477 42
"510" -32.0300450584795 115.462694853801 0.287270033126475 0.992278057602395 3.45416487338772 0.109652869747906 48
"511" -32.0278269788183 115.516101560758 0.130887828157508 0.0826433991621893 0.631406299008476 0.132913094334646 11
"512" -31.9830694472362 115.422144924623 0.128965903666528 0.102835015527209 0.797381421008092 0.101807301318751 21
"513" -32.0303387362637 115.495236126374 1.71829185366357 6.7010273785465 3.89981909316466 0.0840550416919607 17
"514" -31.9838629032258 115.38556344086 0.760386190558727 2.07927761939241 2.73450207961374 0.11887507972708 14
"515" -34.1994734833069 119.58419332509 0.0384171497456576 0.0250908509059356 0.653115888920721 0.0262859586273658 34
"516" -34.2358605280775 119.666640064891 0.0414262271451895 0.0528451210843742 1.27564407203109 0.0246311199065981 51
"517" -34.1761109544361 119.625222272605 0.0463430524361202 0.052111605043146 1.12447502492369 0.0338834847260912 63
"518" -34.2503446863566 119.695364249867 0.0769633987948894 0.125841178109363 1.63507823302781 0.0381080836409341 35
"519" -35.0025945042474 118.219855162717 0.555398849150144 1.4845200027439 2.67288995109635 0.231039850782317 36
"520" -34.9566822908929 118.207436348288 0.589160323240445 2.24652429724357 3.81309502460628 0.08676941 27
"521" -35.0183646669555 118.151867580905 0.175275196223945 0.10092471123488 0.575807150179599 0.14712255 18
"522" -34.9645525374254 118.256583143351 0.237595991533952 0.317883053402446 1.33791421037935 0.1549858 32
"523" -35.0512174377723 118.169129670431 0.4287418866409 0.264726862095099 0.617450429602706 0.3398537 20
"524" -34.0968840560274 114.958341424527 0.079261522946019 0.159617163996355 2.01380389959278 0.0344695398927463 30
"525" -33.6438445595769 114.98778529995 0.215454778381338 0.529631503608931 2.45820263346179 0.07703625 47
"526" -33.5377807185629 114.999635778443 0.115853871391967 0.0874703855467849 0.755006151247612 0.0909754401160878 17
"527" -34.0184800200105 123.384778836667 0.256465863483346 0.421868117689951 1.64492892722678 0.151788735310665 53
"528" -33.9822135692559 123.324463333323 0.156057217198892 0.174086901384887 1.11553252396534 0.101366329496481 22
"529" -34.0098669900539 123.331128063616 0.151290114720745 0.168066676312414 1.11089000509145 0.1289719 51
"530" -34.0667508609561 123.307430889505 0.465312473772379 1.75945854848863 3.78124088147553 0.138913872543748 41
"531" -34.0936663265306 114.964109336735 0.0328065037823812 0.0309855391171943 0.944493790704853 0.0201644470353553 35
"532" -33.6911142515924 114.974749283439 0.103643948869979 0.153336757479918 1.47945692104301 0.04930979794106 35
"533" -33.5332184560781 115.003699511979 0.126535679191657 0.110972324401143 0.87700421817833 0.0818170840120002 35
"534" -34.3862638457008 115.098596431095 0.0498838021018543 0.032136045483992 0.644218045336152 0.0472173597856063 34
"535" -30.2176062977354 114.660072377627 0.484792604883539 1.09927675570093 2.2675196457772 0.0771049857180868 36
"536" -30.2213894914717 114.676010178168 0.886114042279926 1.14093172494005 1.28756759344936 0.237710763733382 6
"537" -34.0920075088732 123.168409473872 0.0628306023931704 0.0980905379127861 1.5611904736958 0.00331811669515148 20
"538" -34.3608864081908 123.539347286572 0.214417485136274 0.485509844194588 2.26432020637692 0.0231948944088374 17
"539" -34.0790495023545 123.206105330586 0.0462681397767496 0.0493625495069916 1.06687992526116 0.0324905113113706 15
"540" -34.3448391541732 123.55293471448 0.178612064867574 0.468209788086659 2.62137828390147 0.00340345002080878 20
"541" -34.1100936843528 123.163065684519 0.0948092277663961 0.157008811798022 1.65604989616497 0.0570779932718032 20
"542" -34.3471206508916 123.560958052054 0.192584698852061 0.19247564804854 0.999433751465349 0.15690113 8
"543" -34.0499403482563 121.989054891106 0.0837194176126828 0.0930752123413843 1.11175178943534 0.0450553253278439 18
"544" -34.0014497632876 122.238237905742 0.0987778082762392 0.123078836102401 1.24601707863575 0.0322389228533021 18
"545" -34.0371684104944 121.98222581087 0.0330697909258367 0.0664951419266157 2.01075180897695 0.00959443643404171 20
"546" -34.0396378024573 122.001083173444 0.0387601734294651 0.0407987134068952 1.05259367533894 0.0225737832775196 20
"547" -32.0222268436364 115.460263709091 0.0700030752140777 0.0322774281891948 0.461085860735213 0.064544650490228 21
"548" -32.0240193984713 115.51890558325 0.391922175202229 1.49709426408079 3.81987639078677 0.0686991753207966 26
"549" -31.9890874515648 115.530992372578 0.103888285892537 0.112654837212443 1.08438440623589 0.06897791 43
"550" -32.0324185051539 115.424223961253 0.521823745082519 1.30072366513956 2.49264943843034 0.112707435902376 62
"551" -31.9814431466445 115.456348818968 0.653083877357293 1.73373228286446 2.6546854745213 0.119007385 43
"552" -32.01738 115.508458583691 0.054553026757553 0.00900458139988444 0.165061077910544 0.0545090985343437 4
"553" -33.7042511658031 114.966054145078 0.130734333740294 0.0933783146071917 0.714260071823896 0.09050181 17
"554" -33.5196301075269 115.019026702509 0.198286462965233 0.126275330677824 0.636832836641827 0.17484051372137 13
"555" -33.5340876216968 114.998240055633 0.117135541530247 0.0492693297852599 0.420618107378943 0.0998939250539993 19
"556" -33.6567473509934 114.984241887417 0.138015557792884 0.100833007279934 0.730591600631363 0.10430263176943 14
"557" -31.4090113075642 115.426009304821 0.869346732345893 1.9900467187229 2.28912888802475 0.130855178850993 59
"558" -33.8524404634605 124.139236654724 0.0902193449814422 0.0804301425628016 0.891495527698031 0.0574043553971247 19
"559" -33.755408834613 124.130309018641 0.488305669658922 0.851150279411287 1.74306859882624 0.1710724 17
"560" -33.7213952831203 124.130336922005 0.471100120246011 1.39545052956034 2.96211032345233 0.0951296221748659 15
"561" -33.860989967907 124.134217394379 0.0625470269156692 0.0974974190599191 1.55878582672479 0.0286443670370604 18
"562" -33.7387269727179 124.090195053879 0.13465556514468 0.168639951121117 1.25238010727535 0.052089485694814 10
"563" -33.8479726214125 124.131659380242 0.450918776951163 1.3970107641237 3.09814280427493 0.0775190499703571 16
"564" -12.5458417557834 124.033217949678 0.144053923311315 0.168593593738198 1.17035058721622 0.0596803034748739 24
"565" -12.8830983499577 124.340514189349 0.396215199874613 0.311616764751794 0.786483620139783 0.445249901660899 24
"566" -12.8034619045643 124.277160169433 0.296039288337111 0.245938128551249 0.830761788182624 0.290992715788595 24
"567" -20.328859733564 166.204757086505 0.476427364450296 0.510331043630747 1.0711623254881 0.19264535 5
"568" -18.8639970777778 163.424530077778 0.499183038223604 0.557080614633999 1.11598466289325 0.226249976035751 3
"569" -19.8625255791506 158.380542181467 1.09487656304984 1.81818210530999 1.66062747771798 0.257553451183817 4
"570" -19.4443635230769 163.251108053846 0.701741267127318 0.51660491065313 0.736175760003297 0.75042524451518 4
"571" -19.8984449175258 158.37302207732 0.697810483974044 0.832415325441197 1.19289598617174 0.435492942260477 4
"572" -19.8928409109948 158.409876172775 0.258500865001535 0.404134272067241 1.56337686554682 0.0850884333255781 4
"573" -19.8753392539683 158.34898542328 0.456603220043096 0.42635311085244 0.933749680548023 0.484726566600636 3
"574" -19.3568570528053 163.204823122112 3.05698280679366 5.45999095135346 1.78607185464685 0.500841134337062 4
"575" -19.7185653076923 165.589409171946 0.239166152880504 0.0726513540725649 0.303769380397502 0.202127705476341 3
"576" -19.7649120921053 165.601014457237 0.552403211006297 0.34637327544056 0.627029800948445 0.663537044320007 4
"577" -19.874894097561 165.521045370732 1.02698744616274 0.705707764851177 0.687162990636354 1.11926839151891 4
"578" -18.8736605016949 163.438413566102 0.782424543864154 1.48652983948056 1.89990185141566 0.0523668100510052 4
"579" -19.85555275 165.572786357143 0.674862209060576 0.578666049049132 0.857458072596255 0.645552798949193 3
"580" -19.9081183864734 158.455751690821 1.74311204383084 2.94933047304371 1.69199133439636 0.417593848282585 4
"581" -19.053115559322 163.680823728814 0.0486514206142008 0.0234834950063783 0.482688782977156 0.0486514206142008 2
"582" -19.0173803518519 163.597094981481 1.65288700001688 0.628448729393043 0.380212760694848 1.65288700001688 2
"583" -19.8683249968553 165.838584496855 0.399141547067318 0.590872579166455 1.48035849314078 0.155402147597209 4
"584" -19.8474240362538 165.842095006042 1.90517616462187 3.63163933877492 1.90619608108299 0.132925620288765 4
"585" -19.2498908611111 163.12913725 0.785514524959196 1.11058760311913 1.41383458590638 0.376890088517696 4
"586" -19.1315453658537 163.688543085366 0.0837983602685548 0.0248721129529168 0.296809064917349 0.0837983602685548 2
"587" -18.895517 163.4555 9.39020786760222 NA NA 9.39020786760222 1
"588" -20.3961681351351 166.141520513514 0.00984723378210889 NA NA 0.00984723378210889 1
"589" -23.6342143809524 -178.93219047619 0.692320784702397 0.798809868826288 1.15381465713133 0.44095025889382 3
"590" -23.6285683597884 -178.935744761905 0.64766987735738 0.647458769000386 0.999674049443435 0.642832604764689 7
"591" -23.9387076190476 -179.107938412698 0.10234891190269 0.0952681754965712 0.930817667970417 0.0911641989746396 6
"592" -23.9243366666667 -179.124506074074 0.124060070905716 0.0771307583486046 0.621721056464839 0.138981929988761 6
"593" -22.5927228318584 -176.918558230089 0.438710276162137 0.352312523597769 0.803064215134915 0.271299863055731 3
"594" -22.331705 -176.203763448276 0.102473166264499 0.117784783088834 1.14942074479101 0.102473166264499 2
"595" -23.6505430769231 -178.893566923077 1.44622010196602 1.26541756263623 0.874982695176201 1.46038898390142 4
"596" -23.9380443103448 -179.14403862069 0.0672313435513347 0.0778987297334426 1.15866686010763 0.0308530727388655 4
"597" -23.9402933333333 -179.131716666667 0.401925575921023 0.527775648396045 1.31311785070316 0.401925575921023 2
"598" -7.34201618717228 72.4545864684821 0.282059276774012 0.574671611921205 2.03741432827128 0.0479362989069079 7
"599" -7.39030771484638 72.4512107909103 0.47535856606511 0.526477609804937 1.10753786170927 0.113769469237071 9
"600" -5.3326779505396 72.2306294404666 0.0421269542326311 0.0463411790930735 1.10003630542979 0.0279672107624722 15
"601" -7.25004377486522 72.4472167499427 0.53546250484766 0.902807091991822 1.6860323249873 0.242529757650958 7
"602" -7.25349823529157 72.4014942155528 0.0862170710107384 0.219360199455541 2.54427802851502 0.0158293393172397 12
"603" -7.40514735256335 72.4314578752214 0.311179018848083 0.351123632825596 1.12836538313341 0.152763418690378 10
"604" -7.23198770791284 72.4356474053617 0.0379708591289896 0.023004202566379 0.605838347987655 0.0341047 3
"605" -7.22634083470279 72.4203202094209 0.0569890338311432 0.0361540138277943 0.634402996459241 0.057322642639873 3
"606" -7.33259707078928 72.4533610779483 0.420304346608819 0.457127785475449 1.08761136819958 0.282076309248253 8
"607" -6.65190742655478 71.3560624294705 0.0598871572398584 0.076628365180987 1.27954587782614 0.02774111 13
"608" -5.25111865214564 71.7937975233254 0.272168515324603 0.429762867654953 1.57903226661759 0.0218352329366935 15
"609" -6.63764658669786 71.3376301087574 0.054399094725892 0.0742381530986921 1.36469464193781 0.0266309630903515 12
"610" -5.30735909039872 71.9743535852252 0.140816436502418 0.238777708051703 1.69566645757013 0.0500113861156369 16
"611" -5.42997888344036 71.8272963972338 0.202526295123827 0.311870113828581 1.53989936782234 0.0179954237433221 14
"612" -5.25161756086872 71.8096785702188 0.0282446568486061 0.0297770825478157 1.05425541926119 0.0196901649741292 4
"613" -5.4202653730586 71.7565553291853 0.856854101338185 0.685920020898338 0.800509701508236 0.784288142370745 9
"614" -5.31549339968031 72.2518734089099 0.028879349818558 0.0281111373047574 0.973399244836636 0.0189928872000757 5
"615" -7.39116566877376 72.4450497598707 0.209383172007361 0.139790480022922 0.66762996607009 0.138870216022081 3
"616" -5.27901255139949 71.9679382723989 0.709638777608056 0.884144303798323 1.245907540141 0.352887991203202 16
"617" -5.25270801822157 71.7977561054422 0.368182290307486 0.730631897182684 1.98442976866839 0.04272739 18
"618" -7.14820527470356 72.1272255599473 1.22949980272 0.416461904810997 0.33872466176055 1.22153792684616 10
"619" -6.11477769730185 71.5093425969646 0.22260093955589 0.454120056762388 2.04006352205162 0.01651614 12
"620" -5.34655652584016 71.8070464435659 0.0948092476091003 0.209847661349369 2.21336701473018 0.03849488 12
"621" -5.30755686310118 71.9747920381827 0.0359125294692539 0.0282145351775013 0.785646001395052 0.03849488 12
"622" -5.53603864685616 72.2286255749354 0.115428068973132 0.143747835363568 1.24534557878663 0.03849488 7
"623" -6.20628292073018 71.3257674793698 0.101572757565478 0.114259832143912 1.12490627292712 0.0407559198556131 15
"624" -6.11472092720306 71.5100132024266 0.503951293999949 0.751312745785114 1.49084396593531 0.279261990958162 12
"625" -5.43852945590829 71.7787710934744 0.0300624048494247 0.0122425699512727 0.407238543043804 0.0338965225267382 10
"626" -5.53724187394958 72.229472605042 0.0610679863387501 0.0465777489400571 0.762719580791247 0.03849488 9
"627" -5.31845387243427 72.229778461408 0.345300654163157 0.912680912672816 2.64314851903399 0.0229467309336294 8
"628" -6.39943061492338 71.2507077881412 0.0993142564392872 0.0934741167496355 0.941195354030347 0.0819265957614624 11
"629" -5.31868070929241 72.2437975618073 0.321805550236618 0.855925023731837 2.65975842586459 0.036843988680315 9
"630" -5.32753371985816 72.2420446808511 0.684768774688962 1.27943794505116 1.86842331651631 0.0452408632731833 4
"631" -7.2749525 72.3837570909091 0.0719385324980215 0.0920412864212035 1.27944348077624 0.0339766605439578 3
"632" -21.993829050834 -136.189821076251 0.00159450348102094 0.000776420880875448 0.486935833077213 0.00151260875581191 6
"633" -18.1032820682303 -141.073026098081 0.037067969672001 0.0403537784278273 1.08864280360918 0.0289515889724384 4
"634" -18.7187408770161 -141.871356814516 0.0468245974026307 0.109282200463399 2.33386310882108 0.00122612924858004 6
"635" -21.481409603352 -135.641359298883 0.265701575913823 0.489082866605489 1.8407224907244 0.0263468651309697 4
"636" -19.6289757850071 -140.436793833098 0.00122612924858004 0 0 0.00122612924858004 3
"637" -21.3284063119835 -136.539575717975 0.0114133050583436 0.0231632019382557 2.02949117892214 0.00213814012429002 6
"638" -20.8003225778331 -138.575136500623 0.067311137312145 0.0486955766896394 0.723440111609186 0.07967521 4
"639" -21.446527582846 -136.402283684211 0.00227190060060801 0.00182697559151043 0.80416176263235 0.00122612924858004 6
"640" -19.1221170758123 -140.722849590854 0.0697401371610423 0.128080669113614 1.8365416864302 0.00805819462429002 4
"641" -21.3175087893762 -136.658738956146 0.250677858401243 0.602264063903104 2.40254192270584 0.00122612924858004 6
"642" -21.48599 -135.645057093023 0.0343361194961413 0.00404774862865245 0.117886024630924 0.0343361194961413 2
"643" -32.0473114905269 115.419704718592 0.303069244155266 0.596525508028632 1.96828124111143 0.111996681435613 36
"644" -31.9795139454688 115.482196141874 0.282544444883804 0.77220824603865 2.73305053424858 0.0704046269062095 29
"645" -31.9822459917739 115.418558942737 0.180152527735821 0.319343858300186 1.77263046105286 0.0757366433994285 45
"646" -32.0358940298258 115.458223956954 0.420732840647854 1.32982397898198 3.16073253738474 0.104660941056515 48
"647" -28.8376000823735 113.946722281797 0.0753077657748639 0.147123214669012 1.95362607236076 0.0379382221853552 32
"648" -28.7342704303788 114.003438424397 0.392203214701514 1.98392768269045 5.05841769859107 0.087072335 44
"649" -28.8503944122582 113.902770197691 0.0787692657282918 0.209280003824265 2.65687386938656 0.0303621925 22
"650" -28.8119609484587 113.948898842587 0.223946967616035 0.544105152983018 2.4296160773023 0.0348471482271478 20
"651" -28.7855546478054 113.971696500075 0.0684620275904939 0.0342305091126426 0.49999262828429 0.0624121805967397 38
"652" -28.6722594633427 113.903341506238 0.216583816713897 0.481500048047283 2.22315801500228 0.0623253945233429 36
"653" -28.8160665534351 113.955481494911 0.229898145535767 0.370707554464642 1.6124860581225 0.08666343 27
"654" -28.8381875727944 113.917129710995 0.0790964305212216 0.0470916790972912 0.595370471043652 0.06269712 9
"655" -26.1541544502618 113.1946991274 0.0941221814250328 0.0498418274664692 0.529543904655116 0.0818765010097131 9
"656" 63.6716878815463 8.8600169342253 1.41579496399896 0.196588464005075 0.138853766967643 1.41579496399896 2
"657" 63.7772162740656 8.62411555385829 1.42857920309744 0.829617991423765 0.580729433569375 1.554804 8
"658" 63.7480183588413 8.86911774058249 1.07228688821454 0.810504619381747 0.75586545754683 1.52550703297778 3
"659" 63.6630854041961 8.50436330928982 1.63460162256541 1.16447445897271 0.712390372612706 1.63460162256541 2
"660" 63.81653135661 8.8127137353933 1.48307392337964 1.22540919848832 0.826263060236302 1.42958950749049 8
"661" 63.5549783427676 8.3704026794307 1.41148013192341 1.11174306505801 0.787643438907669 1.554804 6
"662" 63.7951853896765 8.63298658824194 1.78323350321084 0.834793690833244 0.468134817638934 1.99908246275622 8
"663" 63.5412380670701 8.37914933262665 2.15186027073111 0.310123552358443 0.144118815044193 2.00640670451177 7
"664" 63.8541036293891 8.53246887251486 1.55991324261216 0.945608529549521 0.606193026457065 1.50169568764078 12
"665" 63.6051618267331 8.43777842705261 1.94696820676766 0.722721399161728 0.371203493025489 1.94696820676766 2
"666" -31.5556079921163 115.276111983247 2.6995263378204 10.298740562111 3.81501762654636 0.1174396 49
"667" -31.7104315294668 115.350210431868 0.14709376122714 0.22407970229216 1.5233800565215 0.0594574684469099 40
"668" 63.6171508405242 8.5073386313437 1.0256359863982 0.486436656399463 0.47427807024178 1.230559 15
"669" 64.0078753079262 9.08877705691921 1.16355828523381 1.00480449350185 0.863561805414787 0.724795757854501 13
"670" 63.9621478519593 8.98360171661781 0.701210314891101 0.859620360944608 1.22590946352252 0.3353028 11
"671" 63.6375247636182 8.61539952597016 0.501024242770785 0.674715201445979 1.3466717652516 0.2677609 13
"672" 63.7852529373859 8.93241322362745 0.658219554301954 0.668135306245272 1.01506450526805 0.48805943556007 11
"673" 63.8239963569723 8.86300235118873 0.831002179137659 1.20189580247981 1.44632087935923 0.544260178927251 14
"674" 63.6743981231222 8.8591388470105 0.498273240124748 0.495336904551401 0.994106977182616 0.238135685001189 5
"675" 63.5801271155621 8.59758333577729 0.814092057872365 0.467767246127071 0.574587654557869 0.87108687892725 8
"676" -35.2195964285714 134.434453571429 1.83216720259218 0.888264134644031 0.48481608741129 2.229411 5
"677" -35.1451285714286 134.301204761905 2.229411 0 0 2.229411 4
"678" -35.0369666666667 133.914882352941 0.702399693821004 1.19429438686668 1.70030596165241 0.243192012960921 6
"679" -35.1717 134.37056 1.27050335646807 0.774619311229325 0.609694816850169 1.14693755293614 5
"680" -35.28444 134.57032 1.81046348299155 0.574204305669528 0.317158733696595 2.229411 5
"681" -35.029584 133.913316 0.146033874970083 0.112188554245946 0.768236508610958 0.146033874970083 4
"682" -35.2267811320755 134.493082075472 0.510918130290124 0.433681522986344 0.848827820496561 0.2453721 5
"683" 58.5974168458823 9.11490693847059 0.46884266574457 0.305799043138782 0.652242352246552 0.548928908734812 10
"684" 58.5938951741935 9.08947073258065 0.263791029215351 0.252539879547721 0.957348247584098 0.180485726362903 7
"685" 58.5903145575342 9.10255283630137 0.347964521852842 0.307880208364709 0.884803446987378 0.305871772757951 9
"686" 58.5871482553191 9.10830535638298 0.542669551400302 0.679441664660604 1.25203572396383 0.335418592595507 8
"687" 58.5907150288462 9.10538803980769 0.463852422964399 0.387341599044704 0.835053521051528 0.339934917767435 9
"688" -34.0309034532374 134.354451582734 0.369310207740704 0.0965768189919534 0.261505956152073 0.341068565212617 8
"689" -34.085701954023 134.25914091954 0.319629009742218 0.0519166633577924 0.162427882874785 0.330738793789065 8
