ID lat_in lon_in mean_median_size STD CV median_median_size String_Number
"1" -5.41431208545454 72.3777510590616 0.0147592564883749 0.0232206594276001 1.57329466060094 0.0032742862664082 4
"2" -5.67914409486486 71.3645987762162 0.00520195608676101 0.00144774295086128 0.278307414886832 0.00520195608676101 2
"3" -7.13182858771552 72.2030696539224 0.177660295305691 0.250694690051446 1.41109013479961 0.177660295305691 2
"4" -5.40762230903272 72.3508403531294 0.00647535763403579 0.00329836977638258 0.509372603459874 0.00572285092337201 4
"5" -6.31766368777778 72.1754451877778 1.95107021876785 2.37549977309118 1.21753679095741 1.48552716842021 4
"6" -7.17352071941748 72.1049688339806 8.01404093177791 14.0143099543892 1.74871953783248 1.55092751996025 4
"7" -6.60124490196078 71.340272745098 0.0160683889372498 0.0223659769281266 1.39192404512177 0.00525385073320692 4
"8" -6.62761337820513 71.4015703717949 0.0495876070537934 0 0 0.0495876070537934 2
"9" -5.53405298245614 71.9817919298246 0.00474119966927685 0.00209935092541782 0.442788971538511 0.00474119966927685 2
"10" -5.51434049707581 71.9445262371119 0.0624352907599279 0.0599222172971617 0.959749150966088 0.0495876070537934 4
"11" -20.0905667368947 115.671780572556 0.0544980564608964 0.102743215293668 1.88526384179202 0.00398885705713797 4
"12" -20.2329502220561 115.758922691589 0.000779819919839488 NA NA 0.000779819919839488 1
"13" -19.8355683313889 115.817284975694 2.80158599274181 3.30734531815122 1.18052607584408 2.22201033140934 4
"14" -20.4888290329786 115.145064553526 0.0433877471423615 0.100000658248413 2.3048133363619 0.00270478951404801 6
"15" -20.1658749289976 115.44849479952 0.070260719077968 0.15227839362338 2.16733326418703 0.0019124906165098 5
"16" -19.8208852730932 115.574436381356 0.0115703711272409 0.00806570070332239 0.697099567042646 0.00798746198542634 4
"17" -19.6678711409759 115.324797611446 0.149395664840704 0.356568121852671 2.38673673853165 0.00340576344807091 6
"18" -20.2959223422222 115.047637754902 0.411269505708271 0.815773811248858 1.98355044545296 0.0038499848341802 4
"19" -20.0483347373117 115.00299144904 0.00405466433614806 0.00357834553859967 0.882525714076523 0.0030329857386058 6
"20" -21.841575839273 113.802077150709 0.0213982779287337 0.0417224450599285 1.94980386734315 0.000700104493450847 4
"21" -21.5864760824742 114.21508371134 0.0996375869157192 0.16541381373715 1.66015475542447 0.00760288075045717 3
"22" -21.9306399867568 113.766861301455 0.00734088853530763 0.0137828543530688 1.8775457884665 0.000590856694337662 4
"23" -21.7624657133333 113.833547508333 0.0249098363424772 0.0331128455364745 1.3293080324261 0.0120562212871649 4
"24" -22.0301698564593 113.754951674641 0.000187283869994284 0.000197805292603992 1.05617901109171 0.000118927507775616 4
"25" -21.6660284797619 114.137644595238 0.0495402869319479 NA NA 0.0495402869319479 1
"26" -20.0567739130435 116.630039440994 1.13285672443893 2.09162763030086 1.84633024210257 0.131883395769075 4
"27" -20.0636105906314 116.64913401222 0.00231362600504167 0.000782799672334267 0.338343219962281 0.00224096429849522 4
"28" -20.1421156626506 116.422521686747 0.967490603038372 1.48094890484425 1.53071140969574 0.37028510338852 4
"29" -20.1221631992603 116.426619001387 0.000708675783058201 0.00031263165943459 0.441149065494333 0.000633751956054607 3
"30" -20.0864486631016 116.651804812834 0.00345690073805462 NA NA 0.00345690073805462 1
"31" -20.1205594594595 116.458 0.00213805347325026 NA NA 0.00213805347325026 1
"32" -20.1300434146341 116.436619512195 0.00317395634554135 NA NA 0.00317395634554135 1
"33" -8.24339857142857 -14.3626197959184 0.00100566045468696 0.000443843449719267 0.441345235015156 0.000892578403404965 3
"34" -7.92287321428571 -14.44238 2.0650766360298 NA NA 2.0650766360298 1
"35" -8.83227834782609 -11.08132 0.000240856243994576 4.59165061149971e-05 0.190638637194853 0.000240856243994576 2
"36" -8.43839692307692 -12.9618536538462 0.000854288430662842 0.0004805041913895 0.562461311827291 0.000854288430662842 2
"37" -8.43473761904762 -17.150999047619 0.0783676835700553 0.125116118623398 1.59652694738071 0.0120152327248682 3
"38" -8.437572 -16.9693 0.000313418490595089 NA NA 0.000313418490595089 1
"39" -9.73927938547486 -12.828853575419 3.36577542755873 5.57412367663697 1.6561187151693 0.296341891646009 3
"40" -9.7355602745098 -12.8106971764706 23.6750731746582 17.9473192776266 0.758068164994626 17.2815680405713 3
"41" -9.76072992307692 -12.0581916153846 9.63979938915867 8.05027759991112 0.83510841615281 5.73046007245842 3
"42" -7.08489458333333 -11.170571875 0.000417494945186272 0.000113683368220164 0.272298789556465 0.000417494945186272 2
"43" -9.67496432098765 -15.2248083950617 0.0011273955242429 0.000515322475920784 0.457091113845645 0.0011273955242429 2
"44" -7.81267833333333 -14.3813213888889 0.000538166883053774 NA NA 0.000538166883053774 1
"45" -8.43857235294118 -17.1177558823529 0.623705983968561 0.879060342604992 1.40941463638307 0.623705983968561 2
"46" -7.85837727272727 -14.4034854545455 1.15866159225228 NA NA 1.15866159225228 1
"47" -9.7546982278481 -12.1172306329114 24.0295003507518 20.5597026691868 0.855602587198345 33.3272082137403 3
"48" -10.8637478571429 -13.0620314285714 0.000550602840390232 9.69406147017373e-05 0.176062685461324 0.000550602840390232 2
"49" -8.4364821875 -16.9263465625 0.0108369784683409 0.0186291478054857 1.71903523292113 9.78349967143894e-05 3
"50" -10.0637123529412 -13.7531129411765 0.000155973119995004 NA NA 0.000155973119995004 1
"51" -7.67530071428571 -14.3909485714286 0.000145191286817245 NA NA 0.000145191286817245 1
"52" -9.7638603125 -11.93749625 4.10055362780055 5.79896156152144 1.41418990894454 4.10055362780055 2
"53" -8.31981688888889 -14.7941668888889 0.000143374614973299 8.19827098537306e-05 0.571807707166282 0.000143374614973299 2
"54" -7.93941594594595 -14.4884108108108 0.000333913661979948 NA NA 0.000333913661979948 1
"55" -9.73568652173913 -12.9873543478261 6.12851916478456 10.6144434868308 1.73197524580213 0.000425148963434833 3
"56" -7.99336587044534 -14.3508046963563 4.91304247736991 2.12782870046917 0.43309796531787 4.91304247736991 2
"57" -7.46253319148936 -14.4073104255319 0.000679207384245325 NA NA 0.000679207384245325 1
"58" -9.74747831210191 -12.5482785987261 16.2659340002129 2.8900150635466 0.177672863022116 16.2659340002129 2
"59" -9.744575625 -12.565270625 0.000399320160313301 0.000341018602194365 0.853997959749406 0.000446772385075467 3
"60" -6.0813248 -11.6954192 0.0130616877634244 0.0166568405041292 1.27524411896998 0.0130616877634244 2
"61" -9.58167727272727 -16.4058754545455 0.000507724265484545 NA NA 0.000507724265484545 1
"62" -7.93635538461538 -12.0646823076923 0.00138667171663024 NA NA 0.00138667171663024 1
"63" -8.96098634146341 -13.6163551219512 0.0019089132031781 NA NA 0.0019089132031781 1
"64" -7.93984991304348 -14.1103897391304 9.67237644973263e-05 2.10969645054855e-05 0.21811562665211 9.8189659464122e-05 3
"65" -7.02502705882353 -17.101345 0.00026552356367451 2.97239982676995e-05 0.11194486039716 0.00026552356367451 2
"66" -6.54861727272727 -15.6083427272727 0.0014036398756676 0.00196515054677007 1.4000389849536 0.0014036398756676 2
"67" -8.43470285714286 -16.7044842857143 0.0191552197304779 NA NA 0.0191552197304779 1
"68" -7.93516142857143 -14.6759838095238 7.67337481010077e-05 NA NA 7.67337481010077e-05 1
"69" -7.472208 -11.8653393333333 0.000123693648058548 1.97664956757598e-05 0.159802026910903 0.000123693648058548 2
"70" -7.937264 -11.165836 0.00141320575847508 NA NA 0.00141320575847508 1
"71" -4.89344864864865 -13.3080456756757 0.000328152948616609 NA NA 0.000328152948616609 1
"72" -6.29227714285714 -14.2760971428571 0.000727173903209852 0.00095188655218946 1.30902188319423 0.000727173903209852 2
"73" -5.60283518518519 -16.598992962963 0.000124024157308389 0.000105967060115054 0.854406612508272 0.000124024157308389 2
"74" -8.44649 -17.05253 0.000705648378015357 NA NA 0.000705648378015357 1
"75" -9.75212 -12.130825 7.53215906327675e-05 NA NA 7.53215906327675e-05 1
"76" -9.72634822580645 -12.818144516129 8.89333919804515 12.5765947803642 1.41415890030694 8.89333919804515 2
"77" -9.73017833333333 -12.817542037037 3.86950943331655 6.70185975908722 1.73196625427091 0.000200020034355703 3
"78" -9.64836178571429 -12.0854296428571 0.0327766655801901 0.0427134637194611 1.30316684029253 0.0171364393272329 3
"79" -9.80284864864865 -12.0860771621622 13.6876194783179 22.9950068769269 1.6799858378115 0.82694096789162 3
"80" -9.77276166666667 -12.8132583333333 9.01519956144809 NA NA 9.01519956144809 1
"81" -8.46346666666667 -16.9930733333333 1.92602411851708 NA NA 1.92602411851708 1
"82" -9.85404 -12.8183028571429 41.9205270507246 59.2836950244184 1.41419250174703 41.9205270507246 2
"83" -9.74892666666667 -12.0808033333333 186.951464210746 264.388475712937 1.41420917364358 186.951464210746 2
"84" -9.75815848484848 -12.0899406060606 16.4834577708729 NA NA 16.4834577708729 1
"85" -9.74247952755906 -12.8161437795276 10.5250516604189 NA NA 10.5250516604189 1
"86" -7.74565272727273 -10.9720636363636 6.77358059677068e-05 NA NA 6.77358059677068e-05 1
"87" -8.77644852941176 -15.7780570588235 0.000556807250509916 0.000561900561997351 1.0091473512293 0.000556807250509916 2
"88" -8.43795794520548 -17.065668630137 0.00390392210155535 NA NA 0.00390392210155535 1
"89" -5.92048390243902 -14.551803902439 0.0890976312119369 0.125951369137117 1.41363319567403 0.0890976312119369 2
"90" -9.34208074074074 -14.7653533333333 0.00205894409812469 NA NA 0.00205894409812469 1
"91" -5.86989777777778 -13.1366022222222 0.436832924423998 NA NA 0.436832924423998 1
"92" -5.8677175 -15.37078 0.0663896773343886 0.0889010717808427 1.33907973875321 0.0663896773343886 2
"93" -5.5142256 -13.41059384 0.0408480142948929 0.0186868552716937 0.457472795049186 0.0408480142948929 2
"94" -6.85873808988764 -15.2221656179775 3.68214469819863 5.20729588331875 1.41420186063471 3.68214469819863 2
"95" -9.33861357142857 -11.2892292857143 0.0011039791807967 NA NA 0.0011039791807967 1
"96" -7.89783714285714 -14.9775552380952 0.0172000373065459 NA NA 0.0172000373065459 1
"97" -6.77582933333333 -14.500429 0.118086024001503 0.166943208413649 1.41374231053392 0.118086024001503 2
"98" -5.946962 -12.345556 0.0675069192283854 0.0506469535035788 0.750248331318944 0.0675069192283854 2
"99" -4.85592851851852 -14.7056633333333 0.01798099492653 0.0253639606115451 1.41059828531079 0.01798099492653 2
"100" -7.9168865942029 -16.0722638405797 0.000332280329908442 0.000265435058046403 0.798828682153836 0.000332280329908442 2
"101" -7.293718 -16.509696 0.00233946511626787 0.0032384651964965 1.38427590733338 0.00233946511626787 2
"102" -11.1164733333333 -13.3758913333333 8.31034656346254e-05 NA NA 8.31034656346254e-05 1
"103" -7.9072825 -12.62129 4.78142416270907e-05 NA NA 4.78142416270907e-05 1
"104" -9.75830666666667 -12.2673066666667 4.05908568832543e-05 NA NA 4.05908568832543e-05 1
"105" -9.74545 -12.7119775 0.000504184030385734 NA NA 0.000504184030385734 1
"106" -5.25498195937873 72.3934270609319 0.00203918082230813 0.000484068239279474 0.237383675828984 0.00205791949589165 4
"107" -7.14613975694444 72.1263690972222 6.17684556616113 6.29851949115624 1.01969839195295 4.09676001387384 3
"108" -7.1462391025641 72.1283067307692 5.21447754241463 2.39983517338693 0.460225430806182 5.11840828888627 3
"109" -5.38279041666666 72.3090991666667 0.0112235517236298 0.0048702112091882 0.433927809049481 0.0112235517236298 2
"110" -5.11949404761905 72.2620833333333 0.00358400066870054 NA NA 0.00358400066870054 1
"111" -5.28983269881557 72.2892160744501 0.00993527602019583 0.0036157752104662 0.363933040523108 0.00993527602019583 2
"112" -5.27331368159204 72.277877238806 0.0010580200389453 0.000959237377443967 0.906634413465546 0.0010580200389453 2
"113" -5.35491531986532 72.2966156565656 0.00541045024165271 0.00224953351345884 0.415775658768776 0.00541045024165271 2
"114" -5.3494731981982 72.0107536036036 0.00758214324179611 0.000854691121210252 0.112724211869122 0.00758214324179611 2
"115" -5.55633108108108 71.8415117117117 0.00950157778308882 0.00931688020551006 0.980561378142114 0.00950157778308882 2
"116" -5.35861171171171 72.0038217717718 0.0383185478104967 0.0314364696337491 0.82039825176093 0.0383185478104967 2
"117" -7.14345713217204 72.2083824249462 1.37573730721877 1.02530173272741 0.74527435386643 1.52704828174579 4
"118" -7.13253762162162 72.1855976216216 2.54925814888501 3.25423168194611 1.27654066080731 1.6055108150834 4
"119" -6.46133112612613 73.3765888288288 0.000357527514440298 0.000310551459618769 0.868608560392704 0.00023454840840188 4
"120" -5.52653184177215 71.9862300063291 0.0161938360706273 0.00222597286481527 0.137458033730055 0.0160999973566003 4
"121" -6.46079154121864 73.3628193189964 0.00999817633019705 0.019154293217904 1.91577869656621 0.000457709720055796 4
"122" -5.53148550474066 71.9827730842164 0.0112695891821327 0.0061538048871187 0.546054056422502 0.0115365822298037 4
"123" -6.58659375690608 71.2929282320442 0.0030557440108437 0.00233928086207879 0.765535612203623 0.00276731633871905 4
"124" -5.42277158067158 72.3552204176904 0.0308438281309382 0.0260876616578977 0.845798438091093 0.0226749353025206 4
"125" -6.610247 71.355389 0.00194216910913192 NA NA 0.00194216910913192 1
"126" -5.42988164749082 72.3604935520196 0.0197605143032439 0.0102067428083219 0.516522123447279 0.0149905237276561 4
"127" -6.38334753022453 73.3047455267703 0.0930098367285314 0.0729894750645877 0.78475006119646 0.0962843040414781 4
"128" -7.13574042553191 72.1104834042553 0.965744370283215 0.375213957784348 0.388523059859322 0.911300772965444 3
"129" -7.15989824104235 72.1313163517915 0.301274407038881 0.31303517277287 1.03903672352916 0.206815047187374 4
"130" -6.3723926142596 73.2908935283364 0.0188366980716063 0.0316030215247851 1.677736798915 0.00437598149689212 4
"131" -18.053 162.898170588235 0.000604846302869477 NA NA 0.000604846302869477 1
"132" -21.9299 166.92235 1.64068395790911 NA NA 1.64068395790911 1
"133" -22.774712254902 166.667280392157 0.000129444038563615 NA NA 0.000129444038563615 1
"134" -20.4866606164384 163.952530821918 0.000275472816376292 NA NA 0.000275472816376292 1
"135" -18.2027166666667 162.973462962963 0.000129444038563615 NA NA 0.000129444038563615 1
"136" -22.372837 166.23682 0.000129444038563615 NA NA 0.000129444038563615 1
"137" -18.1454947916667 162.800059375 0.0059246186216159 NA NA 0.0059246186216159 1
"138" -21.0593625 164.5648875 0.0107963039444686 NA NA 0.0107963039444686 1
"139" -21.9104127659574 165.727038297872 0.000252325346466008 NA NA 0.000252325346466008 1
"140" -19.6350955882353 163.304347058824 0.0209877615860678 NA NA 0.0209877615860678 1
"141" -22.4118961538462 166.246576923077 0.000129444038563615 NA NA 0.000129444038563615 1
"142" -22.5099677419355 166.384846774194 0.000129444038563615 NA NA 0.000129444038563615 1
"143" -20.1785935483871 164.532758064516 0.00569290332189149 NA NA 0.00569290332189149 1
"144" -20.3372714285714 164.689142857143 0.000225333050605649 NA NA 0.000225333050605649 1
"145" -20.931221875 165.55545 0.000911318665309358 NA NA 0.000911318665309358 1
"146" -22.6569677419355 167.031934677419 0.00423061252715648 NA NA 0.00423061252715648 1
"147" -20.25125 163.834564583333 0.0209877615860678 NA NA 0.0209877615860678 1
"148" -18.2971 163.083346428571 0.000129444038563615 NA NA 0.000129444038563615 1
"149" -21.56160625 166.43305 4.61603207513712 NA NA 4.61603207513712 1
"150" -19.7087096774194 163.950493548387 0.0209877615860678 NA NA 0.0209877615860678 1
"151" -21.4269 164.9225 22.26782185242 NA NA 22.26782185242 1
"152" -18.2628066666667 163.018813333333 0.568106400446296 NA NA 0.568106400446296 1
"153" -22.0185 165.8833 43.7345114307178 NA NA 43.7345114307178 1
"154" -26.16171 113.134366666667 0.00679273239878384 0.00296077773946668 0.435874338284955 0.00679273239878384 2
"155" -26.1611944444444 113.13433 0.0088863184159469 0 0 0.0088863184159469 4
"156" -26.11860275 113.182574 2.97025594389056 5.78207687309608 1.94665947390463 0.0088863184159469 5
"157" -26.14763 113.1799 1.2134377596024 NA NA 1.2134377596024 1
"158" -19.9825935714286 -167.809478571429 0.318340604660124 NA NA 0.318340604660124 1
"159" -19.07474 -169.99626 6.42076782055944 NA NA 6.42076782055944 1
"160" -19.01975 -169.73619 0.0208615464411405 0.0237465951926549 1.13829505687195 0.0208615464411405 2
"161" -19.9673204761905 -167.806476904762 1.55524283295602 NA NA 1.55524283295602 1
"162" -19.1737933333333 -169.942826666667 0.0689855214984882 NA NA 0.0689855214984882 1
"163" -18.99543 -169.973885 307.424156613165 NA NA 307.424156613165 1
"164" -20.07692 -167.80385 0.10883758247207 0.136670301819527 1.25572710009982 0.10883758247207 2
"165" -20.0410433333333 -167.72055 0.187991538390128 0.248610899794327 1.32245792509235 0.187991538390128 2
"166" -19.94621 -167.72925 0.000757265479775842 NA NA 0.000757265479775842 1
"167" 3.96100927272727 -81.6152805454546 11.8111652562368 11.9945078570799 1.01552282072645 11.8111652562368 2
"168" 4.02268332010582 -81.6099152425044 16.6588235167683 13.2933830946314 0.797978505579984 16.6588235167683 2
"169" 4.07317655172414 -81.587754137931 0.294950013706354 0.339255894976339 1.15021488120389 0.294950013706354 2
"170" 4.0196688172043 -81.5883811827957 15.32477609079 NA NA 15.32477609079 1
"171" 3.996335 -81.5965955555556 12.2764622230334 2.63923475012597 0.214983331694223 12.2764622230334 2
"172" 4.03667778225806 -81.6049656854839 4.05724915886567 0.000572684323979669 0.000141150888583777 4.05724915886567 2
"173" 4.00070234602076 -81.6986942214533 0.00964499236873195 0.00389885150108981 0.404235830577687 0.00964499236873195 2
"174" 3.99503824324324 -81.5763874324324 0.000118113201044335 4.43390719079055e-05 0.375394718929532 0.000118113201044335 2
"175" 3.98070625 -81.58719875 0.00392219654255535 NA NA 0.00392219654255535 1
"176" -12.1118893181132 123.117365226415 0.000443434568441648 0.000311106329761891 0.701583394490882 0.000443434568441648 2
"177" -12.1436541467143 123.215870371429 0.050403987841606 0.0603324840735822 1.19697838717001 0.050403987841606 2
"178" -12.33562368125 123.20132471875 0.260213872171895 0.367986212213421 1.41416831140475 0.260213872171895 2
"179" -12.2533828297 122.92501241 0.00195245235370196 0.000778229038477324 0.398590540251472 0.00195245235370196 2
"180" -12.1633063343558 122.973030527607 0.000859787868029706 0.000616493962841829 0.717030311505313 0.000859787868029706 2
"181" -12.1238413306923 123.049878146154 0.00053212772100209 0.000593195440126745 1.1147613941436 0.00053212772100209 2
"182" -12.18655807425 122.95048835 0.000703654076024109 0.000278844882000833 0.396281200524559 0.000703654076024109 2
"183" -12.3270855652778 123.068826888889 0.000121479895860393 0.000143547290380079 1.18165470396061 0.000121479895860393 2
"184" -12.1281666458824 123.030389588235 1.84447407407911 3.68579621105517 1.99829114588958 0.00189269712773405 4
"185" -12.1398119725806 123.162549096774 7.79328416251151 5.20567791522074 0.667969729663126 10.1692360792011 4
"186" -12.3368636612 123.06512398 0.00331633794943048 0.00385167506067086 1.16142417311008 0.00194515787658793 4
"187" -12.195606326 122.948419571429 6.83523862366071 8.45633247223212 1.23716711849091 4.9681540916941 4
"188" -12.1685469948148 122.991097740741 0.018336011949086 0.0331516457684631 1.8080074260704 0.00265801769669504 4
"189" -12.3328019038889 123.186872166667 9.83511702523358 18.3182961145226 1.86253972042469 1.03323406019357 4
"190" 8.73141658823529 -83.9053137647059 0.228147909185153 0.144893579124748 0.635086158107899 0.228147909185153 2
"191" 8.65125648351648 -83.7767981318681 1.5704614306242 2.2084905248889 1.4062685538295 1.5704614306242 2
"192" 8.71889561264822 -83.8385049407115 4.54108614121298 3.54173852386846 0.779932028094586 4.54108614121298 2
"193" 8.63374739130435 -83.9531586956522 0.160133473673113 0.151212978882385 0.944293378604041 0.160133473673113 2
"194" 8.46176576923077 -83.6864342307692 0.180375567356181 0.255034565892849 1.4139085998784 0.180375567356181 2
"195" 8.39930211895911 -83.7417335687732 0.000595512293263503 0.000126446901348597 0.212332982507627 0.000595512293263503 2
"196" 8.84730598944591 -84.2476650131926 0.000554950335819765 0.000402002972601694 0.724394502812329 0.000554950335819765 2
"197" 8.68909085526316 -84.1232325657895 0.000494151863926251 4.50589119901339e-05 0.0911843408463974 0.000494151863926251 2
"198" 8.31863990476191 -83.2811452380952 0.000623138810798675 9.06604692076118e-05 0.145490005816541 0.000623138810798675 2
"199" 8.32816967032967 -83.244901978022 0.000193156874466705 3.27114631104885e-05 0.169351793462195 0.000193156874466705 2
"200" 8.45500869565217 -83.8118404347826 0.00303504267938819 NA NA 0.00303504267938819 1
"201" 8.77959454545454 -83.8721954545454 4.3534733593902 6.15588971754607 1.4140180057076 4.3534733593902 2
"202" 8.64336625 -83.8452181944444 0.000319973982526438 0.000398839187810374 1.24647380596771 0.000319973982526438 2
"203" 8.69981754385965 -83.8439219298246 3.81839392015076e-05 1.22585174197721e-05 0.321038574754698 3.81839392015076e-05 2
"204" 8.70688082474227 -83.9615086597938 0.000161064635710022 6.35361110590955e-05 0.394475862308377 0.000161064635710022 2
"205" 8.34455184782609 -83.5167460869565 0.000280001654052226 8.67051081208198e-05 0.309659271172189 0.000280001654052226 2
"206" 8.5006796 -83.9676418666667 0.000450602088779331 0.000370402852782598 0.822017611560588 0.000450602088779331 2
"207" 8.70548504347826 -83.9214136521739 0.245391587677694 NA NA 0.245391587677694 1
"208" 7.270448 134.560316 0.997853850591761 NA NA 0.997853850591761 1
"209" 7.258281 134.5547915 3.41328722551269 0.754835508745537 0.221146202729001 3.41328722551269 2
"210" 7.01173235380117 134.327392850877 0.0011845141742907 0.000272951668387751 0.23043343364903 0.0011845141742907 2
"211" 7.97429473684211 134.468136315789 12.5683962726951 17.7707610104233 1.41392430862722 12.5683962726951 2
"212" 7.63192379310345 134.681381724138 0.17188145186715 0.236753236287697 1.37742166892265 0.17188145186715 2
"213" 7.31587 134.632796567164 0.00133153868507672 NA NA 0.00133153868507672 1
"214" 7.05369625 134.375806875 0.00062992765003112 NA NA 0.00062992765003112 1
"215" 7.6510643812709 134.479052742475 0.00831904239534865 0.00140939235129215 0.169417618556694 0.00831904239534865 2
"216" 7.18611083665339 134.167580756972 0.0620933200362785 0.0823715652954929 1.32657692079223 0.0620933200362785 2
"217" 7.28797227272727 134.224232272727 0.0729876630865341 0.101350438834017 1.38859684702955 0.0729876630865341 2
"218" 7.82553588235294 134.68836 0.00241870605410823 0.000329704083873645 0.13631424261482 0.00241870605410823 2
"219" 7.267870875 134.58604075 0.00392508283610457 NA NA 0.00392508283610457 1
"220" 7.79702548387097 134.510022903226 0.00529249419760941 0.00547904407813851 1.03524800851239 0.00529249419760941 2
"221" 6.99430260869565 134.308290173913 0.00104465737258462 0.000759230998452206 0.72677513065721 0.00104465737258462 2
"222" 7.5536662184874 134.346722044818 0.00256419013341065 0.000741361694893838 0.289121186933102 0.00256419013341065 2
"223" 7.7944016 134.706806 0.0014938990114912 NA NA 0.0014938990114912 1
"224" 7.10796058823529 134.399393529412 1.17403861123347 NA NA 1.17403861123347 1
"225" 7.340175 134.62015 0.000814786409600662 NA NA 0.000814786409600662 1
"226" -31.9440905504 115.05381572 1.03519137500017 1.79133683254363 1.73044026042367 0.00152050939559921 3
"227" -31.9483032839024 115.136821853659 0.00130092944182414 0.000854380779426612 0.656746439859657 0.00130092944182414 2
"228" -31.9847357150847 115.103700271186 0.00060659808945862 0.000396789079095404 0.654121874088876 0.000507492548217899 4
"229" -31.905827153125 115.073470625 0.00293580732529903 NA NA 0.00293580732529903 1
"230" -27.5765471847262 -144.412200602819 11.4974916565689 1.81713373936456 0.158046102023164 11.4974916565689 2
"231" -27.5655993925214 -144.286978748578 7.80303007178011 NA NA 7.80303007178011 1
"232" -27.8823912960502 -143.491311110052 6.46397596820133 4.5557431387627 0.704789615737136 3.8337164406779 3
"233" -27.5471107475459 -144.286893334239 7.77910573196305 5.57962304457703 0.717257643336983 7.77910573196305 2
"234" -27.5860409394494 -144.399412153288 3.36614141612993 NA NA 3.36614141612993 1
"235" -27.6159505080431 -144.315141663886 6.41287797569484 0.769647819227257 0.120015977560194 6.41287797569484 2
"236" -27.6531588000112 -144.418053440083 3.8337164406779 NA NA 3.8337164406779 1
"237" -27.6040455580143 -144.282695669038 17.1323752697488 NA NA 17.1323752697488 1
"238" -27.9214439727365 -143.469953974708 11.7244950232482 NA NA 11.7244950232482 1
"239" -27.8972222246229 -143.524307860061 5.74628658970991 NA NA 5.74628658970991 1
"240" -15.9680109194419 118.573793368778 0.0021045233984347 0.00260497161225987 1.23779645985281 0.00150680090632172 6
"241" -15.4567307429457 118.623000317829 0.253114418318968 0.617554881807084 2.4398249847184 0.00110511889900753 6
"242" -15.7678205559209 118.05140687548 0.000871694239282713 0.000521948161712237 0.598774361686422 0.000693817832808787 4
"243" -14.6943961358868 118.820049056604 0.00121706675721435 0.00102108393855725 0.838971184205478 0.00104286723784379 6
"244" -16.2074417671097 118.731997573416 0.000676772075609541 0.000594826927057168 0.878917657058222 0.000538017441470773 4
"245" -15.07837941341 118.797394595785 0.000661084288965125 0.00060530032067625 0.915617464792273 0.000512545004587142 4
"246" -15.2694146444898 118.034922762755 0.000491224304271373 0.000201023893436033 0.409230348922187 0.000467214986622531 6
"247" -26.2419862244898 113.040138265306 0.5984813718825 1.4238839677489 2.37916171604494 0.00503985526556661 6
"248" -25.9054336182336 112.960535327635 0.193344491540188 0.29322300075635 1.51658316417772 0.0684693435335493 6
"249" -26.3351413043478 113.187110434783 0.27426723229796 0.550024321744502 2.0054321368838 0.0597153648016783 6
"250" -26.0716977011494 113.020505747126 0.942248677824274 1.33190980214006 1.41354382710893 0.942248677824274 2
"251" -12.1649282222222 127.410212923077 0.000997078732401326 NA NA 0.000997078732401326 1
"252" -11.43147592 126.93564872 0.0252831551852598 NA NA 0.0252831551852598 1
"253" -11.4060733519553 126.981756513966 0.00143092564394187 NA NA 0.00143092564394187 1
"254" -11.433686375 126.974054575 0.014103040770123 NA NA 0.014103040770123 1
"255" -11.9067309290323 127.101603625806 0.00207498173062619 NA NA 0.00207498173062619 1
"256" -11.408573742268 126.928726701031 0.00896312415574504 NA NA 0.00896312415574504 1
"257" -12.1247788294574 127.438319968992 0.00208859106782157 NA NA 0.00208859106782157 1
"258" -12.0753686410256 127.41453349359 0.00192245145842871 NA NA 0.00192245145842871 1
"259" -11.8638260068966 127.067048103448 0.00192245145842871 NA NA 0.00192245145842871 1
"260" -11.893018540404 127.089554277778 0.00232817404974926 NA NA 0.00232817404974926 1
"261" -12.2038785872093 127.433758593023 0.00175667684230859 NA NA 0.00175667684230859 1
"262" -11.8771551829268 127.080523256098 0.00212530471872144 NA NA 0.00212530471872144 1
"263" -20.1349639190411 116.436333742466 0.00695776777572874 0.00088554544828664 0.127274361092612 0.007270139854622 3
"264" -20.1152690272418 116.452053331155 0.00562794175746867 0.00425383721812149 0.75584243786396 0.00499833699146874 4
"265" -20.0620606204609 116.630142614597 0.0073795319499825 0.00273708937757543 0.370902842636506 0.00753506812439314 4
"266" -20.14796579 116.405821065789 0.00357124719661489 NA NA 0.00357124719661489 1
"267" -20.1207117488654 116.456061 0.00291441549896867 0.00365512676751549 1.25415431286614 0.00291441549896867 2
"268" -20.1608226753094 116.239024941368 0.00494086303951754 0.00064569771665045 0.130685208532617 0.00506345872649572 4
"269" -20.0715519810556 116.64875157037 0.00873421927736 0.00254823448186767 0.291752977678607 0.008581219430109 4
"270" -20.132576928125 116.22783925 0.0176881137277445 NA NA 0.0176881137277445 1
"271" -20.0592337429112 116.631458979206 0.0542784767307787 0.105335217970719 1.94064432745933 0.00203855720598073 4
"272" -20.1375156146179 116.425855481728 0.0014883879085701 0.000609092595927897 0.40922973938498 0.00147694116092175 3
"273" -20.1216115384615 116.456086538462 0.0161029888136453 NA NA 0.0161029888136453 1
"274" -20.1240107142857 116.42685 0.00105959253804403 0.000791015979391497 0.746528454090175 0.00105959253804403 2
"275" -20.1161947368421 116.440621052632 0.483661691923884 NA NA 0.483661691923884 1
"276" 5.43401277777778 72.8500740740741 0.888762394650066 1.25464036986788 1.41167130542452 0.888762394650066 2
"277" 2.24094059523809 72.9234802380952 0.00755772033032388 0.00593632455059529 0.785464967098206 0.00755772033032388 2
"278" 6.90736225848564 72.9170198825065 0.000908768297803906 0.000127901919033689 0.140742056410607 0.000908768297803906 2
"279" 2.81069785103785 72.8054073015873 0.000910050403148273 0.000320925228133301 0.352645553502396 0.000910050403148273 2
"280" 2.65808653624856 72.9096336306099 0.00328781159102971 0.00371961065416182 1.13133327478685 0.00328781159102971 2
"281" 5.35390893382353 73.340666875 0.00152027999733905 NA NA 0.00152027999733905 1
"282" 5.88782911764706 73.1169938235294 0.00086513999879778 4.86319638972764e-05 0.0562128256292121 0.00086513999879778 2
"283" 2.90360684782609 72.819070326087 0.000757119556740023 0.000561300314778876 0.741362853174341 0.000757119556740023 2
"284" 3.19722683453237 72.8128374820144 0.00249981534826045 0.00139214219195115 0.556898009654952 0.00249981534826045 2
"285" 3.49919727272727 73.263613030303 0.0011169759024321 0.000981692672446315 0.878884379071011 0.0011169759024321 2
"286" 1.87373245065789 73.2282312828947 0.000488703682796542 0.000255511402368468 0.5228350253191 0.000488703682796542 2
"287" 3.89612757961783 72.6951142675159 9.52640545440815e-05 3.0915560817346e-06 0.0324524931941045 9.52640545440815e-05 2
"288" 2.3224434939759 72.8977181526104 0.00256727078579785 1.96949270876934e-05 0.00767154255665034 0.00256727078579785 2
"289" 1.93922086021505 73.2377867741936 0.000322579850314121 0.000171272347154978 0.530945584444275 0.000322579850314121 2
"290" 2.50480672897196 72.9198268224299 0.00139230684286278 0.000560711066924799 0.402720901501782 0.00139230684286278 2
"291" 6.36571131599082 72.5820131522571 0.00178743509216081 0.00109973187113004 0.615256954478042 0.00178743509216081 2
"292" 3.6615986 72.6873057 0.00214140820944099 0.00117380417033563 0.548145918727959 0.00214140820944099 2
"293" 3.05318200845666 72.9201392811839 0.00428245365119487 0.000100501310721979 0.0234681607573121 0.00428245365119487 2
"294" 1.80729264900662 73.4020633112583 0.302629899355292 NA NA 0.302629899355292 1
"295" 5.05373 72.8114433333333 0.000503449953687639 NA NA 0.000503449953687639 1
"296" 3.04978478723404 73.3824826595745 3.33752560163803 4.4333803106095 1.3283434615254 3.33752560163803 2
"297" -18.9758333333333 -141.973055555556 0.00364541197880671 NA NA 0.00364541197880671 1
"298" -21.5036419753086 -136.651635802469 0.0125513341941381 NA NA 0.0125513341941381 1
"299" -21.8483333333333 -135.574166666667 0.310129063584444 NA NA 0.310129063584444 1
"300" -19.7857222222223 -140.646111111111 0.606110394894086 NA NA 0.606110394894086 1
"301" -22.0005555555556 -136.382777777778 0.00942337330327455 NA NA 0.00942337330327455 1
"302" -21.5138888888889 -135.657685185185 0.0125513341941381 NA NA 0.0125513341941381 1
"303" -21.5919444444444 -136.3975 0.0125513341941381 NA NA 0.0125513341941381 1
"304" -19.2570555555556 -140.850222222222 0.0125513341941381 NA NA 0.0125513341941381 1
"305" -18.71928612 -141.87329328 0.00364541197880671 NA NA 0.00364541197880671 1
"306" -21.3272114444444 -136.497711 0.0125513341941381 NA NA 0.0125513341941381 1
"307" -21.595467 -135.53878 0.00727801867539044 NA NA 0.00727801867539044 1
"308" -20.784542 -138.574208 0.00942337330327455 NA NA 0.00942337330327455 1
"309" -19.610323 -140.4294168 0.00040830507597928 NA NA 0.00040830507597928 1
"310" -21.5153438333333 -135.65452075 0.0125513341941381 NA NA 0.0125513341941381 1
"311" -21.461354 -136.342433 0.0125513341941381 NA NA 0.0125513341941381 1
"312" -19.1221045 -140.72748 0.0125513341941381 NA NA 0.0125513341941381 1
"313" -0.715550344098851 -89.2365438389806 0.30243204510915 0.338441802682085 1.11906726868159 0.24480529715015 6
"314" -0.671589895256705 -89.2913728857773 1.17630661732837 2.61669711211262 2.22450258594624 0.00493050366493408 5
"315" -0.717831917419405 -89.4997167154522 0.322878367285243 0.451568648783712 1.39857201515387 0.178993647588334 6
"316" -0.69262442595015 -89.2504549148802 0.0701201371293838 0.12043517044318 1.71755469075819 0.0126808767887225 4
"317" -0.79390384497181 -89.5043897757967 0.352980120603387 0.154103755444284 0.436579134204097 0.377139874655837 3
"318" -0.772444448185138 -89.5674262026627 0.104908720261301 0.147656865800007 1.40747943004387 0.00939527592876071 5
"319" -0.777446578844989 -89.5506599790563 0.117156335144091 0.155591587826033 1.32806806934231 0.0665541744495615 4
"320" -0.733241072953924 -89.493282360858 0.0657816107030058 0.12567983573818 1.91056184844128 0.00356498580624597 4
"321" -0.73124878462404 -89.5206286797299 0.0154755893524042 0.0169992524930465 1.09845590406582 0.00705694907930911 4
"322" -0.752995741170119 -89.3761110991951 0.0498393340349925 0.0841304243596182 1.68803267516676 0.0104460549392743 4
"323" -0.741832210017102 -89.5589253061583 0.00299291622118979 0.00101333396503811 0.338577457619337 0.00318027926005805 4
"324" 18.7191403846154 -110.888873923077 2.29432261662232 3.24152421771346 1.41284586318797 2.29432261662232 2
"325" 19.0115661538462 -112.114806153846 8.41465019554024 2.19464392390665 0.260812258728213 8.41465019554024 2
"326" 19.3008768055556 -110.856109027778 0.0298947655590572 0.0255708675711766 0.855362706245724 0.0298947655590572 2
"327" 18.7784932467532 -110.868356320346 0.00296632859600854 0.000435019447860108 0.146652480930624 0.00296632859600854 2
"328" 18.9631606666667 -112.0599812 8.37617848380427 8.0006803821292 0.955170713900007 8.37617848380427 2
"329" 19.3496803030303 -110.771070454545 8.06945891954942 11.4035243747651 1.41317088152446 8.06945891954942 2
"330" 19.2573243589744 -110.817506666667 0.00923660632716462 NA NA 0.00923660632716462 1
"331" 19.2739374015748 -110.776246220472 0.00633153426209733 0.00323772703558844 0.511365318667001 0.00633153426209733 2
"332" 19.2709575308642 -110.835811358025 0.802412235130845 1.12364781963493 1.40033734586774 0.802412235130845 2
"333" 18.8253180208333 -110.89546375 11.084479429557 15.6750237079021 1.41414162095013 11.084479429557 2
"334" 19.3620177777778 -110.811209444444 20.837674393429 29.4667560283354 1.41410963008556 20.837674393429 2
"335" 18.7640033333333 -111.079753333333 7.86698328204397 11.1247631185471 1.41410788859039 7.86698328204397 2
"336" 18.8481520512821 -110.918997051282 30.1585347778807 23.522275924484 0.779954201944056 30.1585347778807 2
"337" 10.3313975 -109.185151071429 0.00683876167364697 0.00701777146430544 1.02617576093466 0.00683876167364697 2
"338" 10.2793630588235 -109.183309764706 2.24320276950605 2.99720828447579 1.33612900501892 2.24320276950605 2
"339" 10.2716458333333 -109.227813055556 0.0429975468286975 0.0568126968232625 1.321300888388 0.0429975468286975 2
"340" 10.3312106593407 -109.253705054945 0.00181469897833451 0.000207653085455088 0.114428391669492 0.00181469897833451 2
"341" 10.2881164516129 -109.17687483871 8.08967596469838 11.4118041007238 1.41066269533198 8.08967596469838 2
"342" 10.32316453125 -109.2571778125 27.4551838277241 38.8251346077925 1.41412765077126 27.4551838277241 2
"343" 10.264409 -109.204887666667 4.65013357482497 NA NA 4.65013357482497 1
"344" 10.2592733333333 -109.236116666667 0.00318909333861221 NA NA 0.00318909333861221 1
"345" 10.265755483871 -109.207622688172 0.437366323184797 0.208011822460611 0.475600912630674 0.437366323184797 2
"346" 10.338553 -109.213114 0.00166786607347491 NA NA 0.00166786607347491 1
"347" -25.9985252238806 112.95463800995 0.364836449023419 0.620705528965521 1.70132543123639 0.0122970105309222 3
"348" -26.2324100694444 113.14278 0.0100461856689175 0.00908714277319065 0.904536614459147 0.0100461856689175 2
"349" -26.1315607407407 112.942911712963 0.000583322269591181 0.000220097148716246 0.377316554141675 0.000574238667555621 3
"350" -26.3002613986014 113.190721958042 0.000759419097715212 0.000225875374524668 0.297431780691632 0.000759419097715212 2
"351" -26.1358654216867 113.105542228916 0.000442918809544939 1.17404487798362e-05 0.0265069997634521 0.000442918809544939 2
"352" -26.3936974566474 113.175342716763 0.000746144908239272 6.36869863274878e-05 0.0853547154503463 0.000730035531942123 3
"353" -17.2329933279167 119.225373958333 1.34878522504925 1.90873734090097 1.41515291349019 0.433647253857101 3
"354" -17.0646140764 119.44183404 0.543700199165933 0.705399408807871 1.29740509547356 0.202083999289672 3
"355" -16.9432769316667 119.678581366667 10.4682528583143 17.6323304480848 1.68436229872691 0.495311369221293 3
"356" -17.16385002 119.3304225 72.571205799148 NA NA 72.571205799148 1
"357" -20.1485610889774 116.234812881806 0.00391251566952438 0.00228387406443019 0.583735442191296 0.00511975049209049 3
"358" -20.1279776960784 116.427584068627 0.00717150580565018 0.000309755077338577 0.0431924739006043 0.00727131341752586 3
"359" -20.1405018691589 116.431621495327 0.0114840710619878 0.00221473141939958 0.192852465597354 0.012644121777186 3
"360" -20.1236723744292 116.453141324201 0.0100717426083562 0.00155022171550836 0.153917924215239 0.0100717426083562 2
"361" -20.1349916044776 116.222735261194 0.00445773866634554 0.00185257312799661 0.415585853424503 0.00496935159296706 3
"362" -20.1541838107098 116.224269364882 0.0133432744739042 0.0194149873565825 1.45503919555526 0.00354890902542206 3
"363" -20.1108627906977 116.440204651163 0.00262953277065977 NA NA 0.00262953277065977 1
"364" -23.64951375 -178.967625 6.08799647006807 NA NA 6.08799647006807 1
"365" -22.3386018 -176.2423322 0.534840157601634 NA NA 0.534840157601634 1
"366" -23.922748 -179.186207 0.534840157601634 NA NA 0.534840157601634 1
"367" -22.32867 -176.1915 49.6734087197756 NA NA 49.6734087197756 1
"368" -23.91167 -179.14667 0.0017797849223502 NA NA 0.0017797849223502 1
"369" -23.95735 -179.18673 6.25836190882407 NA NA 6.25836190882407 1
"370" -21.8620031652174 113.279995771739 0.0133956880350441 0.0101040383087 0.754275426709484 0.0168308426250311 3
"371" -21.8769573214286 113.855059821429 0.0113247064893588 0.0135278267985526 1.19454105157285 0.0113247064893588 2
"372" -21.9183979069767 113.801781860465 32.6199957097657 46.1241593798542 1.41398422581783 32.6199957097657 2
"373" -21.5407007894737 113.759819473684 0.000906155945109755 NA NA 0.000906155945109755 1
"374" -21.924816015625 113.621305078125 0.0266989085634972 0.0170170983930693 0.637370563392059 0.0280349964058132 3
"375" -21.7308986363636 113.723714545455 0.0161416379005138 NA NA 0.0161416379005138 1
"376" -21.8264155172414 113.34118954023 0.0169198613275698 0.014668048068579 0.866913019238425 0.023577401399018 3
"377" -21.9463308 113.71352674 0.00010370813980541 NA NA 0.00010370813980541 1
"378" -20.1612180851064 116.214693617021 0.163344149585536 0.233170320891388 1.42747886277548 0.0718778932997126 4
"379" -20.1501986842105 116.284807894737 3.27185921264176 6.54170212768574 1.99938374561167 0.00128767282667148 4
"380" -20.1195048387097 116.423669354839 1.00664455455982 1.70017045582554 1.68894814770938 0.0494527348602496 3
"381" -20.1470692307692 116.439661538462 0.00582157400635464 NA NA 0.00582157400635464 1
"382" -20.1324333333333 116.223535294118 46.4713803497397 52.0727859789453 1.12053452225972 36.6615593938926 3
"383" -20.1285060869565 116.43200173913 2.50319986434445 2.20397720161245 0.88046393458464 3.34254066707039 3
"384" -14.0221170056897 125.489014544828 0.0115458994981337 0.00341246506996531 0.29555645019402 0.00995182281514159 4
"385" -13.8627385830243 125.493075333933 0.0556145240150397 0.0423175875103694 0.760908921901868 0.0575544882588517 4
"386" -13.7264000903146 125.684397216826 0.153953246018552 0.156093422706315 1.01390147166826 0.0943885952431693 4
"387" -13.8609596041333 125.95574704 0.0285097835943445 0.0313153500009261 1.09840714494719 0.0161689926750908 4
"388" -13.989074391 125.918485172222 0.0516820802022457 0.068492602925399 1.3252679198935 0.0266351452342778 4
"389" -13.871376480472 125.905548283186 2.56202527788111 1.74300251194855 0.680322136942412 3.07482570517571 4
"390" -15.3459930089401 118.015785082949 0.000359531045505096 0.000119404464665408 0.332111694270127 0.000410637865777143 4
"391" -14.7029966773535 118.806902026643 0.000389423150559572 0.00026102701963743 0.670291479236286 0.000395540364959259 4
"392" -15.3315724843359 118.700918527344 0.000510422233450643 0.000474718408149641 0.930050411284731 0.000471174410484762 4
"393" -31.9366545226667 115.136917333333 4.93264753751397 2.98427762899006 0.605005244403519 4.7164842194732 4
"394" -32.0050393333333 115.185402666667 4.5341453809789 6.38808540010958 1.40888411450328 4.5341453809789 2
"395" -31.979844192 115.055491 13.3767662310232 18.9164157554365 1.41412471659748 13.3767662310232 2
"396" -31.9785129032258 115.114874193548 0.0699385583550718 0.126645322353784 1.81080830563903 0.0101712181138578 4
"397" -31.9333813490323 115.215275564516 1.56801880693097 2.68080409934037 1.70967598570288 0.0404803956799207 3
"398" -32.0165062567532 115.238286567532 0.451709783624899 0.615557232482587 1.36272725275693 0.451709783624899 2
"399" -20.14964641625 116.237580767857 20.901377216434 23.8421728232973 1.14069865236206 20.3311857317373 4
"400" -20.1486660369048 116.384713666667 1.72660724515561 2.52210750418942 1.46073029130729 0.514073713563423 3
"401" -20.1366860880992 116.424726669421 8.68485065611381 7.90368651771613 0.910054395944302 7.23745030693917 4
"402" -20.1424249703448 116.198936241379 13.6643518320946 14.8296764316619 1.08528209855005 12.4879771006884 4
"403" -20.118876034717 116.438264735849 5.2821934821041 4.46653212351474 0.845582831951765 7.50272764600085 3
"404" -26.1904833710811 113.100907018018 0.000505260816030974 0.000332830722070978 0.658730523941073 0.000470341571708701 4
"405" -25.8851673899123 112.898825412281 0.506963902518612 0.546339624364627 1.07766967559307 0.425015325358622 4
"406" -26.403984451875 113.116651972222 0.000504163026011864 0.000310301267748854 0.615478033372388 0.000459550461509959 4
"407" -26.479854765618 113.279836089888 0.0222112922470467 0.0366552480925027 1.65029786132216 0.00108484651678597 3
"408" -26.2225104549315 113.179714109589 0.000681334580297922 NA NA 0.000681334580297922 1
"409" -26.0630780951327 112.996128371681 0.25499483045322 0.507876088374582 1.99171131223288 0.00136182612867591 4
"410" -10.71660963275 143.93823765 7.17149129953859 1.59869717652295 0.222923951204656 7.17149129953859 2
"411" -10.6742184972 143.9149002 9.92826762183233 3.57664897827673 0.360249049936129 9.92826762183233 2
"412" -11.2528601403571 143.084547071429 5.16584425005014 0.688222085885072 0.133225481174426 5.16584425005014 2
"413" -12.1874185763636 143.322090363636 3.27316131833712 1.74776876430816 0.533969638012247 3.27316131833712 2
"414" -9.91896021486842 143.404391684211 3.74073011700486 5.20540849744549 1.39154879786232 3.74073011700486 2
"415" -11.907597985 143.3107084 5.23989301380987 7.33541837932937 1.39991758610275 5.23989301380987 2
"416" -11.5005443610345 143.224220482759 7.11746272181421 4.06288348463915 0.57083312458903 7.11746272181421 2
"417" -9.88515304352381 143.447583428571 3.7666572199428 3.75899196537764 0.997964971560306 3.7666572199428 2
"418" -19.1416666666667 163.667666666667 2.59392230957892 NA NA 2.59392230957892 1
"419" -19.0858333333333 163.700116666667 0.332175039404035 NA NA 0.332175039404035 1
"420" -19.4323303030303 163.215648484849 5.57239623828468 NA NA 5.57239623828468 1
"421" -18.8642967948718 163.548281410257 19.4126907792933 26.3062305220127 1.35510480340379 19.4126907792933 2
"422" -19.2414666666667 163.14325 22.1289309687225 NA NA 22.1289309687225 1
"423" -19.0994666666667 163.659883333333 0.378541827200589 NA NA 0.378541827200589 1
"424" -32.0210306376351 115.122994148405 0.956807855997429 1.52292040658319 1.59166795823976 0.00247449488875174 6
"425" -31.929628374806 115.051622417635 6.43449746173107 0.877879127084708 0.136433207458059 6.34770449135154 4
"426" -31.948388304874 115.097255682246 0.00216767851690727 0.000731098640920079 0.337272633011639 0.00206134608513546 6
"427" -31.954559473347 115.20353347105 2.33393000006053 2.71376333986144 1.16274410106175 2.12805339329093 4
"428" -12.0958775531897 96.8202683683621 0.840030786657851 1.18679351642445 1.41279764417472 0.840030786657851 2
"429" -12.1240605859375 96.8184006315625 0.00488026403626313 0.00145105248182824 0.297330732732102 0.00488026403626313 2
"430" -12.1623191337209 96.8002096155814 2.23853382668929 3.16465493097783 1.41371771703724 2.23853382668929 2
"431" -12.1997127958824 96.8128237632353 5.93668581523333 NA NA 5.93668581523333 1
"432" -12.1116490332567 96.798693519387 0.000841819440845329 NA NA 0.000841819440845329 1
"433" -12.0729446521528 96.8178812782292 1.95004065583309 NA NA 1.95004065583309 1
"434" -12.1789458470726 96.7774714926776 0.00231746869582523 0.00163976903333812 0.707569011090445 0.00303295510908259 3
"435" -12.2266782837931 96.8339088306897 0.00208717355566747 0.00208970677678307 1.00121370889772 0.00208717355566747 2
"436" -12.08031661 96.7736764381284 0.0881733386245958 0.119801711399333 1.35870676179562 0.0881733386245958 2
"437" -12.0800074135478 96.9256898119652 0.0722852503868391 0.101908654844454 1.40981257309179 0.0722852503868391 2
"438" -12.0374598358065 96.88012145 1.4497437788135 2.04485021408681 1.41049076669283 1.4497437788135 2
"439" -12.2228556677778 96.9398493233333 0.000837588644867496 0.000841635388807535 1.00483142168275 0.000837588644867496 2
"440" -11.5397321364039 143.266278389163 0.125820886718778 0.00837255168028097 0.0665434165870606 0.125820886718778 2
"441" -11.622496857767 143.103120789644 0.0912430268034213 0.122176049987826 1.33901794217161 0.0912430268034213 2
"442" -12.1747223439535 143.310792162791 0.106704991477307 0.00115068809072181 0.01078382627458 0.106704991477307 2
"443" -12.1831498187654 143.326752925926 0.239038166246918 0.164755839527499 0.689244910611106 0.239038166246918 2
"444" -13.4748022528351 143.893303778351 0.03480091436157 0.0477616481697129 1.3724250941652 0.03480091436157 2
"445" -10.2498165608696 143.690246 0.00130562818337906 NA NA 0.00130562818337906 1
"446" -10.0209736430834 143.613566494192 0.000481608396132398 0.000118228948612037 0.245487723140804 0.000481608396132398 2
"447" -10.0198748201439 143.728154748201 0.00121334665278215 0.000225920204415711 0.186195926693897 0.00121334665278215 2
"448" -11.5942884820028 143.140930521862 0.00211688358717774 0.000284890011750954 0.134579914302597 0.00211688358717774 2
"449" -13.904483539 125.700010391667 0.0684848560571036 0.0846678631919481 1.23630052053188 0.0684848560571036 2
"450" -13.8979749435294 125.858023376471 9.11475312513067 8.92070037007555 0.978710037190136 9.11475312513067 2
"451" -13.5166665922222 125.726865694444 1.04208840158033 1.45419585826839 1.39546304906868 1.04208840158033 2
"452" -13.9350959273228 125.599934748032 0.0202923188590358 0.00884106534243224 0.435685315406695 0.0202923188590358 2
"453" -13.863064177 125.738769666667 1.0806300087837 NA NA 1.0806300087837 1
"454" -13.715061996 125.7663779 0.369414981551861 0.340911601609376 0.922841840840491 0.369414981551861 2
"455" -13.951701444881 125.602711309524 7.81204112503596 11.0276902599426 1.41162726660528 7.81204112503596 2
"456" -13.7875086627273 125.935397272727 0.0698402667077164 0.0827510230672665 1.18486121213686 0.0698402667077164 2
"457" 38.5277882051282 -28.2919676923077 0.261252678600953 0.36927570486703 1.41348102857569 0.261252678600953 2
"458" 38.5036779808714 -28.1992776726886 0.000878216432077428 0.00056903455252496 0.647943413195884 0.000878216432077428 2
"459" 38.0506951724138 -29.3036231034483 0.116718537641933 0.156902109809458 1.34427754990214 0.116718537641933 2
"460" 38.3818195 -28.0455845 0.291847207432788 0.359024290112129 1.23017894627212 0.291847207432788 2
"461" 39.3328431118143 -31.2174732489451 0.00920385600312075 0.000109977984094533 0.0119491204618198 0.00920385600312075 2
"462" 38.357668974359 -28.2425425641026 0.00190749524903958 0.00187953158665144 0.985340114266488 0.00190749524903958 2
"463" 38.9893283142726 -29.906155615279 0.00698743595990542 NA NA 0.00698743595990542 1
"464" 38.5542278723404 -28.3203355319149 0.000429850906133555 NA NA 0.000429850906133555 1
"465" 39.5170872007722 -31.0655487837838 0.00551934243643824 NA NA 0.00551934243643824 1
"466" 39.3610840993789 -31.1190502795031 0.00117619183318038 0.000236908338363368 0.201419812381094 0.00117619183318038 2
"467" 39.6306684 -31.11567 0.00271322709441072 0.00115159755453941 0.424438321772518 0.00271322709441072 2
"468" 39.3752918226601 -31.8880347044335 0.0034656791684626 0.00417454845107825 1.20453978806414 0.00112065320467967 3
"469" 39.7202962962963 -31.0522351851852 0.0111945680338826 0.0146256728272968 1.30649729252878 0.0111945680338826 2
"470" 39.669024 -31.07276 0.00739425295438302 0.00848292942477851 1.14723278701876 0.00739425295438302 2
"471" 39.3146078 -31.3121100727273 0.0103641677137106 NA NA 0.0103641677137106 1
"472" 39.70054 -31.0336657142857 0.00957595076556663 0.00515606934005811 0.538439416229915 0.00957595076556663 2
"473" 39.403635 -31.12081 0.204936053733004 0.287816262014044 1.40441985083317 0.204936053733004 2
"474" 30.1782444444444 -15.9250402777778 1.04759917366797 NA NA 1.04759917366797 1
"475" 30.1314125 -15.93976875 0.000216133779290033 0.000190848851781956 0.883012606399913 0.000216133779290033 2
"476" 30.0994611111111 -15.8772944444444 0.00184261420727267 NA NA 0.00184261420727267 1
"477" 30.1884151515151 -15.8143893939394 0.143178459481654 0.201511909752021 1.40741778114913 0.143178459481654 2
"478" 30.02385 -15.95005 1.3887894724332 NA NA 1.3887894724332 1
"479" 30.1179916666666 -15.8159333333333 9.67770268418207 11.3504363871396 1.17284408888605 9.67770268418207 2
"480" 30.0230333333333 -16.115 75.8875967590358 NA NA 75.8875967590358 1
"481" 30.1157587719298 -15.8970456140351 0.0071435533622648 NA NA 0.0071435533622648 1
"482" 30.0777666666667 -15.9855333333333 0.000613746738348812 NA NA 0.000613746738348812 1
"483" -33.5387671432036 115.384066243949 0.361434100281977 NA NA 0.361434100281977 1
"484" -33.5886546299078 115.222243067347 0.0279390245421467 0.0246697684960574 0.882986034778791 0.0253924976252178 4
"485" -34.7609636363636 119.522981818182 0.00440029866897147 0.00413833426084758 0.940466675598381 0.00440029866897147 2
"486" -34.7238648648649 119.574459459459 0.130991904354139 0.183462767696393 1.40056569603261 0.130991904354139 2
"487" -34.644803030303 119.813863636364 0.955829849746461 0.83480868306969 0.873386286577184 0.955829849746461 2
"488" -34.6469383561644 119.886068493151 0.177750232399365 0.25018162858531 1.40748974112848 0.177750232399365 2
"489" -34.6170833333333 119.962055555556 0.534959273618634 0.754314726754091 1.41004140680031 0.534959273618634 2
"490" -34.8184973544974 119.413037037037 0.160871370848105 0.17288893703611 1.07470295133714 0.160871370848105 2
"491" -34.6174123723529 119.931319196078 0.062644528824528 0.033330945924103 0.532064755686255 0.062644528824528 2
"492" -34.722582 119.663181333333 0.000897066637968739 0.000408589819694813 0.455473208344921 0.000897066637968739 2
"493" -34.78346 119.363305142857 0.147717317120464 0.206503637093008 1.39796498554468 0.147717317120464 2
"494" -34.7567142857143 119.527857142857 76.9753698758416 9.99330972711373 0.1298247704848 76.9753698758416 2
"495" -34.7179056475155 119.677856062112 0.313505990625283 0.567875831528483 1.81137154794351 0.0441312079232086 4
"496" -34.6525372676923 119.989555615385 0.00470761116547791 0.00175228119364794 0.372223009091715 0.00455228584379937 4
"497" -34.7534734503636 119.559258545455 26.9507072933019 53.8746532127672 1.9990070251758 0.0161404137531108 4
"498" -34.6951902601695 119.859932932203 0.0307589937299873 0.0388839921009824 1.2641503308697 0.0174986045746108 4
"499" -34.7854786653938 119.459120973747 0.240207983546068 0.270589897770881 1.12648170046765 0.211080911444848 4
"500" -34.6217750869565 122.019276073913 0.0827351854919116 0.15663067226584 1.89315671844541 0.00473447382542066 4
"501" -34.117921242236 122.09134291135 0.0077160405410675 0.00984077539055325 1.27536595202904 0.0077160405410675 2
"502" -34.09293893547 122.029386350551 0.0134033293624191 0.0017173034213664 0.128125137787143 0.013309143021387 4
"503" -34.1149725141563 121.893725865232 0.00492536641918418 0.00793840205414345 1.61173837203737 0.00115162774907085 4
"504" -34.0595919647004 122.269870131909 0.0126831888663779 0.00120931378307943 0.095347770645064 0.0127693528071087 4
"505" -34.6155789767442 121.894078976744 0.00415694260966165 0.00110319342265346 0.265385771766345 0.00433537074976894 4
"506" -34.100506476875 114.77100575 33.2327046296329 52.8360889743393 1.58988230308605 0.00159755816668886 6
"507" -34.0063294556818 114.776290204545 0.289641210558979 0.286813890462844 0.990238543435588 0.293633310361009 3
"508" -33.9611785994521 114.724085054795 0.10976039053793 0.0673975218767411 0.614042292911217 0.0981946214219181 4
"509" -33.9512285941667 114.733733270833 2.01397947622178 1.75409932272783 0.870961866015891 1.63527582752675 6
"510" -34.1142245658495 114.856216203807 0.681944609159413 1.36293710854537 1.99860383121933 0.000564751278903326 4
"511" -34.1084410221194 114.684787878622 0.901438166252937 1.88770121838244 2.09409950571448 0.00673267896830564 5
"512" -33.9913029303255 114.733178715657 0.00331220578751749 0.00434643976177103 1.31224931076179 0.00073613538940394 6
"513" -33.975805633024 114.855014814318 0.00142750886361527 0.000915788315644889 0.641528987305612 0.00122162567262572 4
"514" -33.5288394280303 115.193105181818 10.4974162802545 14.6510622073401 1.39568269145414 10.4974162802545 2
"515" -33.5093981970833 115.246621504167 0.118659063173256 NA NA 0.118659063173256 1
"516" -33.461075 115.2766717 0.000981570181873882 NA NA 0.000981570181873882 1
"517" -33.5829065712871 115.213464330693 0.11135217418358 0.0117626019049133 0.105634236521695 0.11135217418358 2
"518" -33.476037997 115.12225136 0.0646964932690217 NA NA 0.0646964932690217 1
"519" -33.4932032384615 115.305135923077 0.00378654906110175 0.00675835622723359 1.78483260567266 0.000414756288046094 4
"520" -33.4025543217143 115.190702728571 0.325457904101147 0.796376566386038 2.44694185131401 0.000379864498537679 6
"521" -33.4681738529167 115.139201916667 0.000656930434774467 0.000201657376319468 0.306969148702479 0.000748753161467507 3
"522" -33.3821873333333 115.367586666667 3.66211448191918 5.17885000719101 1.41416933652958 3.66211448191918 2
"523" -33.469725 115.374386666667 4.77823660056413 8.27544112151136 1.73190275268796 0.000408441396649801 3
"524" -21.6049651297436 114.239310461538 32.2845934917927 19.6552019391612 0.60881057536493 37.9780687028648 4
"525" -21.9895770822464 113.818327355072 0.455856739083239 0.624363965744588 1.36964952410319 0.151777248075533 6
"526" -21.8466865820225 113.834359629213 16.4491345491641 39.2748873576923 2.3876567633577 0.440103205762917 6
"527" -21.7276117293056 113.926733611111 39.3467818976918 62.0041154466967 1.57583701782569 13.3696581050422 4
"528" -31.9242069518717 115.117536363636 0.0125513341941381 0 0 0.0125513341941381 2
"529" -31.9551886363636 115.101752272727 0.0125513341941381 0 0 0.0125513341941381 2
"530" -31.946052222 115.080851086667 66.9549575045681 91.6700390244752 1.36912997096923 66.9549575045681 2
"531" -31.9412818181818 115.091603030303 0.0125513341941381 0 0 0.0125513341941381 2
"532" -31.9764472233333 115.1076611 0.0354792910172345 NA NA 0.0354792910172345 1
"533" -31.9613892561983 115.167275206612 0.00117095091487445 0.000725253790800648 0.619371641960254 0.00102302556841727 4
"534" -31.9947380434783 115.027132608696 0.416142252091719 0.831088153687987 1.99712514052722 0.000719836692308264 4
"535" -32.0010870967742 115.148808387097 0.0010453182841809 0.000910995677142867 0.87150075812241 0.000614898704735859 5
"536" -33.9353658333333 124.183857532051 0.00577912866232032 0.00582405847898581 1.00777449669159 0.00390243537239838 4
"537" -33.8108683 124.269523473 0.0118126972935053 0.00818204265313318 0.692648126828045 0.0133099940469605 4
"538" -33.8005376129548 124.374167090364 0.835023296630919 1.19685117068327 1.43331470572404 0.38853737699086 4
"539" -33.8245421574803 124.30289724252 0.257736693423752 0.488002024670927 1.89341307280834 0.0152172821696824 4
"540" -33.8892965818831 124.258350796519 0.0194443741302096 0.00460973308952742 0.237072844754902 0.0194443741302096 2
"541" -33.7187536107383 124.375272146309 0.0236257464589779 0.0133010526681425 0.562989732038204 0.0237525936265222 4
"542" -34.2477513888889 123.278957833333 0.0830976697490991 0.16314715759596 1.96331808206606 0.00223627951452922 4
"543" -34.0943871597633 123.326646597633 0.0066083439539889 0.00778197950690938 1.17759904161951 0.00372746101573996 4
"544" -34.21291112 123.140409888 0.00552623477084326 0.00472774277369813 0.855508853630682 0.00386044131478583 4
"545" -34.2298866607774 123.460803592462 0.116146019645342 0.150156965662501 1.29282920001059 0.0620178402256264 4
"546" -34.3360234117647 123.609653717647 3.11161104428544 6.21732284607017 1.99810411956483 0.00363074527302786 4
"547" -34.312897826087 123.520730782609 0.0102078840640741 0.00656224032388724 0.642859997497674 0.0102078840640741 2
"548" -33.8994830857134 114.792077940785 0.18862912134872 0.376604413934399 1.99653378673258 0.000381853073803033 4
"549" -34.1005840093236 114.714679592712 0.0265495052968764 0.0524599089265206 1.97592792558333 0.000450808757356666 4
"550" -34.0941324916708 114.860896973263 3.06356518003094 5.66702958795349 1.84981524953102 0.616152096245778 6
"551" -33.9636266266862 114.760286521873 0.438526330535309 0.876176843560868 1.99800281659557 0.000527211974386947 4
"552" -34.053125175732 114.747429395264 0.000784655800116671 0.000152862210674907 0.194814351276289 0.000784655800116671 2
"553" -37.0320542857143 -12.2853814285714 0.00722540699348168 NA NA 0.00722540699348168 1
"554" -37.1329775 -12.3959275 5.04061663713066 3.10923846055284 0.616836923809931 5.04061663713066 2
"555" -37.1817057142857 -12.2204621428571 0.00316454056881403 0.00249938272702921 0.789809033153239 0.00316454056881403 2
"556" -37.0300149295775 -12.2694629577465 36.0841046537364 34.967803000836 0.969063894930677 36.0841046537364 2
"557" -37.02983 -12.30454 0.000561774450008847 NA NA 0.000561774450008847 1
"558" -37.31767 -12.61412 1.40441402872895 NA NA 1.40441402872895 1
"559" -40.3330884615385 -9.85028384615385 43.772432479123 23.3215590639562 0.532791022639175 43.772432479123 2
"560" -40.2699925 -9.86657375 44.4465327177144 30.2198960298886 0.679915714051734 44.4465327177144 2
"561" -37.46734 -12.4730975 0.004840891472406 0.00130492633817194 0.269563229337049 0.004840891472406 2
"562" -37.38396 -12.46161625 28.5396916559635 NA NA 28.5396916559635 1
"563" -40.33374 -9.864175 45.8290396322025 9.50384119083286 0.207375962208792 45.8290396322025 2
"564" -37.1037248461538 -12.1680778461538 0.00487180672572782 0.00126120556764002 0.258878407671562 0.00487180672572782 2
"565" -37.268225 -12.726535 1.33393985626705 1.00320191988263 0.752059333986793 1.33393985626705 2
"566" -37.43518 -12.5397866666667 52.7044417949892 NA NA 52.7044417949892 1
"567" -37.19492 -12.3166338297872 0.00606259462470624 0.000422822829005017 0.069742883233844 0.00606259462470624 2
"568" -31.954931666875 115.05830083125 2.5368140169369 NA NA 2.5368140169369 1
"569" -31.961497407963 115.070998138889 0.00277825859451882 0.000761949038481282 0.274254182092524 0.00244355576122254 3
"570" -31.9762770267568 115.130085578378 0.00407214216825482 0.000766086420759218 0.188128603841829 0.00412074274148528 3
"571" -31.9442555566667 115.120100033333 0.017267576956757 0.0204993803053655 1.18716021111137 0.017267576956757 2
