ID lat long p-value First_Mode Second_Mode
"1" -20.6650707306141 116.427350395936 0 0.116883624402668 65.5310356831382
"2" -20.5171217468806 116.581392335116 0 0.152217253132207 65.0710746874165
"3" -20.3294641563394 116.465718303146 0 0.32399926162101 57.5248616538312
"4" -20.0968299574694 116.399395108985 0 0.314198385888904 35.4062677887405
"5" -20.4508152758133 116.529263507779 0.006 0.286609177567387 57.8050999999976
"6" -21.8937855654762 114.160450297619 0 0.19788688348909 156.010860775744
"7" -22.3321703979174 114.189610710301 0 0.159126289953072 119.495044643907
"8" -22.1085048833819 114.486945991254 0.002 0.144931463603033 75.4491565005822
"9" -22.3440198032787 114.174775213115 0 0.13645751353765 130.034826427001
"10" -22.0243057268722 114.448775770925 0.55 0.151338152559914 NA
"11" -21.9479 114.4188 0.364 0.134742902875153 NA
"12" -21.6123114864644 114.28066289591 0 0.739967358527718 109.633693034372
"13" -20.893524964327 115.191309129889 0 0.476674889125981 116.112250106521
"14" -21.4301991424763 114.746451429083 0 0.740671240798253 202.199793487716
"15" -20.7382159967426 115.230988560666 0 0.328299379465392 109.639954031744
"16" -20.2751323197721 115.306687977388 0 1.34678728453791 93.6467650649578
"17" -20.6269384258706 116.426765181144 0 0.29118208727111 559.538571425723
"18" -21.7891579119691 114.148014029472 0 0.358542275337243 257.106315361558
"19" -20.5943621644216 116.461960155784 0 0.265772057694072 85.8801181222518
"20" -20.4121033238487 116.823105810197 0 0.308793999495645 38.7229319752715
"21" -20.9025029381188 115.91597858474 0 0.30603039201003 210.96455723423
"22" -21.7440493375175 114.269285800467 0 0.244433888344616 190.099414898821
"23" -21.5595488911908 114.728338090219 0 0.348271850308151 149.539573633145
"24" -21.4614133733584 114.932258158366 0 0.318732480552313 636.873679435703
"25" -21.6488197600109 114.493074854634 0 0.325336087861203 163.655023046722
"26" -21.3246701341997 115.099209510988 0 0.303763574715404 267.264825447031
"27" -21.1448215316551 115.616657916765 0 0.499612599512737 190.520411571523
"28" -9.88232367191456 143.304815690347 0 1.09063442276941 190.470134096689
"29" -10.0087318082664 143.549296221384 0 0.291692708049375 113.010841227391
"30" -9.9494275171018 143.293408628381 0 0.239215627020518 22.6476867241957
"31" -11.5644711639558 143.000019456424 0 1.27183509980871 135.267964881385
"32" -11.253206899884 142.907517099681 0 0.604404865377138 78.1043504990893
"33" -11.5206865587045 143.007385290148 0 0.327428013489035 13.713531773613
"34" -9.96343306953839 143.388382317669 0 0.149176938875934 79.9252963547235
"35" -10.71676103624 143.96771075118 0 0.232759128753335 55.2961354261442
"36" -12.2444591954023 143.224977586207 0 0.569864567720536 197.380486302211
"37" -11.9650430400619 143.266735384353 0 0.594924314673669 78.1850632795145
"38" -10.76410908021 143.973182270505 0 0.179020544638723 38.8818550999363
"39" -10.06003635153 143.777880866084 0 0.384373982580797 135.229701980819
"40" -10.7362053291307 143.972101672892 0 0.283278351636607 65.3384899940259
"41" -11.7408872672152 142.973851028758 0.044 0.634231732130676 9.76222140195487
"42" -10.002099949904 143.530748753902 0 0.377421485169506 271.167179062939
"43" -10.147757060858 143.623581145015 0 0.161828340614372 70.6608138498435
"44" -12.2463558196497 143.214865093949 0 0.279199570475065 88.2864121001681
"45" -12.2521318072435 143.242499484549 0 0.455291218223998 137.305655056944
"46" -13.5037776714835 143.733723972527 0 0.247001492114164 33.367365226725
"47" -11.4545560126781 143.043292096296 0 0.572691672716211 271.167959353767
"48" -11.5400802157633 143.027649559533 0 0.552717148819546 143.113506512864
"49" -11.5994210264602 142.940515678693 0 0.360753351636077 54.9915101937949
"50" -10.1904187321646 143.676284461669 0 0.219181456644339 54.992551831541
"51" -12.2422727252078 143.206859800978 0 0.26920631785066 71.0795587597518
"52" -13.9865808863815 143.986672188948 0 0.400075824629599 56.0879125919148
"53" -11.5978173702214 142.938122324009 0 0.372011280685552 44.6119570171734
"54" -13.5126770981573 143.719251294181 0 0.546127825386044 74.2797432557726
"55" -13.3833963194028 143.69585579173 0 0.530168854402504 144.808760307244
"56" -11.5490119798348 142.997596689018 0 0.499870419420116 56.5047449404245
"57" -12.2466990181458 143.274646233221 0 0.356041608307349 66.4184510907789
"58" -13.6452434289986 143.733365912378 0 0.478822405512965 84.7240083433373
"59" -11.48480684158 143.028095680667 0 0.291945889548398 95.4483988331845
"60" -13.5003977829142 143.739232112808 0 0.445304754719892 182.187433608024
"61" -13.5121471206321 143.721419457336 0 0.497017535096782 61.4204411148849
"62" -13.5386672690385 143.755131048077 0 0.25750456092777 14.584420462198
"63" -12.2265391300957 143.271473636364 0 0.548732577275281 305.359391196018
"64" -14.0404400610625 143.942474810625 0 0.241839667413512 70.6507269758049
"65" -13.5315775575 143.77034121978 0 0.53560694943676 71.3737819789797
"66" -14.0668947452257 144.014800097127 0 0.538442334396137 72.8597080614422
"67" -12.2468997547834 143.233784160237 0 0.763836947505816 84.7753207984386
"68" -13.5118346835294 143.716562114706 0 0.668457702644798 110.605990301317
"69" -14.4026729864576 144.906878688525 0 0.263786955713739 93.3503364762375
"70" -13.9103884579638 143.907622782805 0 0.759335942829797 141.324881498412
"71" -14.0766640796495 125.68130305258 0 0.702521309702831 112.985681456417
"72" -13.930249004837 125.63141888963 0 0.214956509680172 37.1164416023391
"73" -13.8641954662123 125.818029849075 0 0.651634805278391 108.653773566377
"74" -13.8686154842919 125.757095376906 0 1.17012559798964 75.7661094082189
"75" -13.5780470717347 125.957120251701 0 0.284980254768563 76.8250555636319
"76" -13.8125995825884 125.828271138573 0 0.678533925091386 121.53651852567
"77" -15.5537430249764 123.16299867217 0 0.212396631426597 14.2103233882752
"78" -13.9367584165772 125.723319827181 0 0.77800901897119 109.852825516096
"79" -13.814742740365 125.784826233577 0 0.22740683070659 19.9657965822918
"80" NA NA NA NA NA
"81" -30.3345445779449 114.953767940536 0 0.284902357683979 34.4837030607408
"82" -30.289261490567 114.690921261456 0 0.137145173235143 25.028253238783
"83" -30.3434570379205 114.818464676902 0 0.391677084732692 192.014881318426
"84" -30.3413516561361 114.901292408682 0 0.215271937824337 66.3528676837327
"85" -21.5989240143369 114.720615412186 0 0.116735946377267 7.38532603886164
"86" -21.5566727311828 115.059094451613 0 0.130895938008955 9.71413844162456
"87" -21.4252464114833 115.141331020734 0 0.161944875659266 51.657350530363
"88" -21.5712160294118 114.732398382353 0 0.177511786206124 7.88004976112631
"89" -12.513476478222 124.173028749403 0 0.537105308728435 124.436372442606
"90" -13.4396232523524 124.026303606413 0 0.466685813349429 64.1127032454275
"91" -13.4702042815745 124.067622251677 0 0.391921276341339 105.932126414933
"92" -13.0690191855236 124.584258116814 0 0.284760296936958 24.5904614908059
"93" -13.078674093643 124.579961622606 0 0.421739589513695 95.2806668563885
"94" -12.5170012724731 124.17639136577 0 0.577670526327012 217.038501282437
"95" -13.9032124939666 123.906673184855 0 0.387811584849147 25.5997641315359
"96" -12.563054924712 124.005229790756 0 0.678121825521501 87.7132148114276
"97" -12.8834745629956 124.336471045918 0 0.360653518065529 64.1118681583439
"98" -12.5709101871691 123.598099040207 0 0.558405476540749 32.0039576697137
"99" -12.8040282819065 124.281987026128 0 0.634054810252234 86.9683231004325
"100" -12.5464214315253 124.033980361168 0 0.580580426593652 101.477588799351
"101" -12.8817810125075 124.344584210678 0 0.488601346392334 33.2270303048374
"102" -12.5464958930144 124.032648564637 0 0.668686798834031 29.3245217996364
"103" -20.4390063878492 115.566592511387 0 0.557173059727546 275.045111116805
"104" -20.4508702572823 115.473698771926 0 0.396541406010144 275.614327544806
"105" -20.2263438202247 115.348101048689 0 0.467021327994431 93.7211336746115
"106" -20.2644224470135 115.441726989403 0 0.515137211294665 114.7603646307
"107" -20.3446159804321 115.592125046881 0 0.357656954431079 86.0657014897778
"108" -20.3628471830986 115.352629978873 0 0.429610015106242 161.656773667053
"109" -20.4530780487805 115.386492268293 0 0.767281592133465 129.055872703513
"110" -22.4424889712794 167.165708036554 0 0.421576295524692 19.4230760703861
"111" -22.3839050508475 167.073110635593 0.004 0.207831816782381 12.689770112084
"112" -20.2073979428571 163.944204228571 0.032 0.301004737763028 23.801063187901
"113" -19.686609390681 163.612084767025 0 0.529610305584782 402.887347863495
"114" -20.6909593782383 164.249061588946 0 0.114827770970099 17.1201566149843
"115" -22.3361238132296 166.229775525292 0 0.656731270190562 1000.35236514551
"116" -21.4019309638554 164.926645662651 0.054 0.236900891652677 NA
"117" -22.3686810643564 167.094531935644 0 0.9390702010637 132.129513663522
"118" -22.4104347207547 167.154145860377 0.19 0.556837455338368 NA
"119" -22.4272556025641 167.207450974359 0 0.819024011228151 265.885505277849
"120" -21.6468263953488 165.428670581395 0.01 0.0566163975622126 3.38751254256855
"121" -22.392671704918 167.164708898361 0 0.258304230395892 26.2899169041292
"122" -5.53148550474066 71.9827730842164 0 0.0396153987537744 142.209929978065
"123" -18.4758648929664 163.094987798165 0 0.141822547238686 31.2029680468035
"124" -21.0032999305556 164.610157916667 0.004 0.425919418599051 49.4239471964075
"125" -18.47566 163.096321976744 0 0.468325530414234 337.125753473926
"126" -22.02134775 165.9544225 0.004 0.0677566739220671 5.02699301386203
"127" -22.4434596571429 167.106172824762 0 0.508721563746678 27.8541179103445
"128" -7.13574042553191 72.1104834042553 0.786 1.01186570514554 NA
"129" -22.387458186227 166.879780339476 0 0.207691964381126 22.4651450126805
"130" -18.2132861861282 162.987522380158 0 0.211033830666721 11.1129450827245
"131" -22.3132494179104 166.247240328358 0 0.462870457837159 51.8094803969561
"132" -20.9334165930599 165.503691104101 0 0.203905533744782 35.1292901643627
"133" -20.2219481296296 163.876119964506 0 0.694482421593605 114.393662922312
"134" -20.215848875969 164.447145736434 0.402 0.245074228876811 NA
"135" -21.009361605948 164.612641333829 0 0.151972851090929 22.8213357138535
"136" -22.3894248366959 166.291739132362 0 0.0337985037749391 123.621182049962
"137" -18.0489853 162.951231978788 0 0.892183430878969 80.3354337115828
"138" -22.858224048913 166.805912880435 0 0.198093961735317 38.0787385517024
"139" -18.3037658793309 162.993785910394 0 0.258986927009283 22.0883477717972
"140" -20.3872323232323 164.654334646465 0 0.24991619193966 21.0317410149372
"141" -21.980315489555 166.909081861944 0 0.219753552142853 23.1084555244873
"142" -19.6142623561191 163.352940566703 0 0.295530987572427 106.572811595673
"143" -22.6503265251989 166.91791734748 0 0.343790210461949 26.2242920275099
"144" -21.2239013658537 165.852263853659 0.19 0.237892327221917 NA
"145" -21.6449285613208 166.393592346698 0 0.267453634711547 110.552231859949
"146" -22.4754463819095 166.399258869347 0 0.73757947887114 151.330568174857
"147" -20.3928554139535 164.698798176744 0 0.107159368198178 11.1432836317776
"148" -21.4114300992736 164.970010062954 0 0.214684043842101 14.5984844089168
"149" -18.4592835416667 163.188844454167 0.1 1.35768259500526 NA
"150" -18.2882133209302 163.07930292093 0 0.614052814462598 40.8606956947418
"151" -22.0115791535433 165.938677980315 0 0.340475042646703 25.4391301828434
"152" -19.6755161428571 163.9716220625 0 0.403885532904868 20.009542273959
"153" -22.8923947318612 166.965193911672 0 0.158063148366832 11.1170580774956
"154" -18.32423 162.961120166667 0.938 0.171323398346154 NA
"155" -21.8746313986014 165.76029013986 0 0.28561491567158 56.6325826658227
"156" -18.1509197649123 162.821540319298 0 0.503245912130676 30.1123504851439
"157" -22.092601386673 113.814750495049 0.154 1.49480095769205 NA
"158" -22.6169068677191 113.554598412698 0 0.856269813265016 128.368954851462
"159" -23.6071370455672 113.238562393999 0 1.48400143537526 140.528383878398
"160" -22.0485908390063 113.806064465409 0 3.27590746777911 139.818626730868
"161" -22.1984820005797 113.749982258065 0.412 3.94412268711642 NA
"162" -22.1281985027784 113.793916425121 0.422 2.4188589891447 NA
"163" -22.1534665676367 113.767844029851 0.564 2.32832653239415 NA
"164" -22.6836193944485 113.486688888889 0.194 1.9780552560171 NA
"165" -22.8433124865139 113.717590032662 0 0.474506507257589 27.6679714951964
"166" -23.2604911330159 113.756417986711 0 0.458708975019171 105.854400088349
"167" -22.119809944728 113.867038736673 0 0.332750206208772 87.788521175968
"168" -22.4573615985704 113.727478161968 0 0.468165845867581 59.820120318638
"169" -23.797563009302 113.399815269735 0 0.27027510620357 417.18081853872
"170" -23.8081419634305 113.425961875149 0 0.239046841666307 21.756549809501
"171" -23.7540541053423 113.272324478064 0 0.461088131186832 11.4907994127693
"172" -22.2407073468625 113.787522310875 0 0.657537307730528 33.2699767443648
"173" -22.1400226811114 113.814606629116 0 0.606062984962854 97.2706765008366
"174" -23.7782195146042 113.337175589277 0 0.519621187530156 140.143946343982
"175" -22.0868864646407 113.826559339112 0 0.613333403857823 97.3367290100497
"176" -22.8303689256333 113.515097936508 0 1.23204634872267 167.939736496055
"177" -23.7560425828195 113.292412917301 0.004 0.372453833207875 17.7383452375732
"178" -22.7733696367556 113.573193561077 0 1.01666637079483 273.928954148952
"179" -22.2805857301504 113.775537651435 0 0.577905469227704 33.6588476201672
"180" -23.7866461608999 113.328603134503 0 0.2717394119268 22.6816859826575
"181" -22.1659929663742 113.838187477735 0 0.476235004016377 85.9264054393353
"182" -22.7193188576256 113.614255422972 0 0.405225369771124 260.547209640469
"183" -22.8118655317571 113.677610986857 0 0.519777889221658 121.245072755112
"184" -23.813415284101 113.464439204857 0 0.141244810499243 41.6379975854437
"185" -22.7718853066942 113.641587909825 0 0.450840061367952 97.3364484565714
"186" -22.21505703865 113.793313984758 0 0.26052397484718 41.3804427662002
"187" -22.8627744175824 113.703276725275 0 0.411247492646026 14.9172921180664
"188" -22.6705766703768 113.595640043705 0 0.617725813131536 101.326509577915
"189" -22.3332246345257 113.733626143079 0 1.01880439155565 89.9014972501854
"190" -22.1712485072145 113.788838838612 0.002 1.04231538731641 34.8941638077772
"191" -22.3105826530612 113.774001496599 0 0.44340429813262 28.8288110856987
"192" -13.9456417489422 143.839141043724 0 0.370952477056939 80.0362482012322
"193" -14.4647222222222 144.887430555556 0 0.158242166468293 8.93946865061714
"194" -13.6678324022346 143.895134078212 0.336 0.192802548819601 NA
"195" -14.2886560402292 144.7681888125 0 0.355374003549237 56.0289275047245
"196" -13.949876870102 143.972076307347 0 0.293350076913244 56.029998772877
"197" -14.0606650389109 144.000353762376 0 0.221996892543767 10.7666376356919
"198" -13.5254720496894 143.775931677019 0 1.04211110891584 255.280798406381
"199" -13.9087719565152 143.841260424242 0 0.195918588816639 7.59403976929973
"200" -13.4759813108901 143.826430070549 0 0.228896757542962 56.0292043264408
"201" -13.524640625 143.77958125 0 0.226253136036457 30.1227254093113
"202" -13.9809369995586 143.904494739898 0 0.411354858857827 121.823483720968
"203" -14.1432173913043 144.225652173913 0.006 0.182457453481718 5.45556603494383
"204" -13.4761104972376 143.739276243094 0 0.312741720318721 37.4315655118579
"205" -13.6513565891473 143.727178294574 0.156 0.285660121431023 NA
"206" -13.5890578188034 143.770140555556 0.008 0.426160426015736 35.4685280150433
"207" -14.0740611112308 144.224174358974 0 0.336391100781504 24.3545862979006
"208" -14.0445504724277 144.012453606936 0 0.536957881067959 109.465518634968
"209" -13.997985915493 144.008014084507 0 0.779721438737838 56.0286683420571
"210" -14.0571232876712 144.248719178082 0 0.14892776219345 10.8494323679005
"211" -13.477374953271 143.733485981308 0.004 0.568351532132155 56.028027265757
"212" -13.9359888888889 143.888977777778 0 0.76795106128748 56.0307216919081
"213" -13.8073 143.782566666667 0 1.70893538970146 255.282360577414
"214" -13.797 143.755 0.61 0.483975845926107 NA
"215" 7.6510643812709 134.479052742475 0 0.0426211668989112 167.281644437371
"216" -26.1224120221481 113.233541974454 0 0.159191163349519 329.990713569845
"217" -26.1399688706429 113.178257283295 0 0.324867881888576 67.9677446017081
"218" -26.1021613339305 113.245358340007 0 0.195506889050911 37.7888696060057
"219" -26.1501657681831 113.19719438683 0 0.171757894172174 37.1595356678787
"220" -26.0457807736769 113.221626686281 0 0.155610832038025 39.9978007218868
"221" -20.1166966216216 116.433637837838 0.3 0.0866735516312827 NA
"222" -20.1493395196507 116.219373144105 0 0.924425719488404 58.1958117199072
"223" -20.1404844613918 116.342126882745 0 0.635689660728765 76.4906891325434
"224" -20.1332096551724 116.431235862069 0 0.345231606493326 31.7126550340504
"225" -20.1542938650307 116.216891411043 0 0.292056447706614 2.80858497108966
"226" -20.138729 116.2031965 0 0.264185101153947 3.35121406277462
"227" -20.1616979865772 116.221812080537 0.046 0.42031806668946 22.690058178092
"228" -20.1412929292929 116.342842712843 0 0.521812344730742 13.9925590172695
"229" -20.118263322884 116.436426332288 0 0.680820974947208 84.136716472506
"230" -20.1407135678392 116.213263819095 0 0.806153614599118 84.1361071674281
"231" -20.1301687533729 116.431101079331 0 0.282919281965453 70.3662688527171
"232" -20.1414379310345 116.423617241379 0 0.227602412963444 14.6392682602489
"233" -20.0728099173554 116.636718044077 0 0.420317225364201 92.336179924835
"234" -20.0647174718196 116.63891489533 0 0.230158882315404 56.8798008769764
"235" -20.1143929411765 116.428908235294 0 0.510848638701951 121.233799620231
"236" -20.1200224315069 116.462464726027 0 0.328408785349096 12.4309389514211
"237" -20.1303624197002 116.436284047109 0 0.271095458674527 19.4276467310847
"238" -20.1513792482381 116.22559036805 0 0.743856495432617 118.236781828203
"239" -20.1413881748072 116.421335475578 0 0.383711079756943 47.9019397276931
"240" -20.0646598726115 116.643977866242 0 0.900630415668616 100.109145947078
"241" -20.1286893772894 116.437098190476 0 0.876382053133455 69.1042864758528
"242" -20.0570403567447 116.636345121516 0 0.276186802155006 100.107970671865
"243" -20.1395397283531 116.420972018676 0 0.867149222802517 133.846546204255
"244" -20.0703522556391 116.654472071429 0 0.23668180523268 30.0958834856841
"245" -20.1248648148148 116.436867611111 0.462 1.42551743712342 NA
"246" -20.0719898190045 116.635617719457 0 0.935981558527594 98.4567421253847
"247" -20.1245618547297 116.430348150338 0.274 0.682128549441977 NA
"248" -20.1258275132275 116.431928126984 0 0.788834371497174 53.9668665150818
"249" -20.1358328358209 116.426889837178 0 0.454118357442921 10.397271341104
"250" -20.1251913043478 116.437631014493 0 0.437525055781613 2.70498885375571
"251" -20.1135 116.438380137931 0.008 0.423319083113244 12.6485418289642
"252" -20.1323588911223 116.427061976549 0 0.899261387098321 17.5169880132589
"253" -20.126220873385 116.435503875969 0 1.19342042264244 65.2926764432697
"254" -20.1461005904059 116.22535301353 0 0.588535914267094 17.936020471313
"255" -20.1438415613682 116.208718309859 0 0.935972647114555 45.874733173427
"256" -20.14018168 116.4102892 0 0.850564300361196 108.425049955318
"257" -20.8678321418039 115.507781122251 0 0.378487829399578 89.7751774197529
"258" -20.8895034356527 115.569418530337 0 0.135124032639986 88.245108423223
"259" -20.8788911078473 115.491324496497 0 0.240016068760525 90.3537914735248
"260" -20.7997555148998 115.479542654035 0 0.326574496304929 191.996506808474
"261" -20.8505790921067 115.478411121513 0 0.295809961927045 87.7192672082331
"262" -20.7632992266949 115.490039172914 0 0.372592348564609 91.3138119638294
"263" -20.5705662381847 115.543160746168 0 0.269679537368312 91.3130509542856
"264" -20.6963248034657 115.384172419654 0 0.332749692277536 30.3451110370438
"265" -20.8260380816313 115.494146549326 0 0.489091803728094 76.6701160412316
"266" -20.7382918227122 115.487063573964 0 0.346298808453996 31.2989736489646
"267" -20.8195247636111 115.500858223502 0 0.348903021098582 77.9012086345958
"268" -20.8636397869824 115.492715327092 0 0.343278704316511 96.3254681679656
"269" -20.9413883221759 115.524643988677 0 0.473145536800502 93.6604336649331
"270" -20.8670895613501 115.527327062201 0 0.548442258999586 73.0135783391114
"271" -20.5465495256328 115.565064122702 0 0.135540429429991 5.40999451182712
"272" -20.5146251802494 116.718258978675 0 0.2986808458226 33.0113868381971
"273" -20.5599197928089 116.717230887617 0 0.219896349179113 78.9781936331588
"274" -20.4266296618738 116.7878153535 0 0.222230889303587 41.8425728737286
"275" -20.4554761917783 116.653973884408 0 0.289157122979848 22.9454186597021
"276" -20.3983767403704 116.788069405321 0 0.288280379357666 78.3701113037258
"277" -20.4271808891198 116.682688857479 0 0.494342938792464 191.997439178685
"278" -20.4132889862353 116.709227194245 0 0.610076479169791 430.810786692224
"279" -20.5372249408134 116.719535648148 0 0.349711164126361 430.814537151687
"280" -20.5071366280003 116.697132525697 0 0.272151070195548 430.80704012266
"281" -20.5096878600094 116.760859571833 0 0.38223091088112 235.007002781469
"282" -20.4930486030125 116.691642860734 0 0.424331952013056 192.000027598151
"283" -20.4308777156729 116.722185854491 0 0.342228232794863 91.2990917950391
"284" -20.5214830622484 116.682778580678 0 0.269872686430222 103.380007227832
"285" -20.3958853169113 116.750412647753 0 0.281276952973431 44.5134281531695
"286" -20.4543096067735 116.727254104868 0 0.486428576404506 90.1315083942355
"287" -20.7708205990543 115.444736545102 0 0.338909393400403 66.8450791599159
"288" -20.7909188402464 115.482421760481 0 0.260421389249977 83.6579259461101
"289" -20.877730956681 115.521201974927 0 0.472885346643078 86.4238321864286
"290" -20.8509873301875 115.532077922515 0 0.257600879441224 86.4224352679914
"291" -20.7511865890492 115.430701321975 0 0.313830968668064 78.7305526048682
"292" -20.8165666762661 115.494274711549 0 0.422465332084645 86.4208235832983
"293" -20.8060786395315 115.475930433231 0 0.326664722707999 82.8465566501733
"294" -21.7922965169231 114.129730948718 0 0.216800464595583 16.8106089140467
"295" -21.7896343414875 114.1407078475 0 0.291526361478635 96.3849041105665
"296" -26.2778167972614 113.260008064315 0 0.289987141546537 23.0908117391828
"297" -26.0773485284741 113.152729722963 0 0.147558421883013 8.52821195086476
"298" -25.9515264701456 113.063210956311 0 0.446486560412836 69.4476578108094
"299" -13.9420388920946 125.637852914022 0 0.337417600947814 84.9336493029533
"300" -14.0902076865109 125.72513933685 0 0.467977406479534 87.8476494605229
"301" -13.8887591715976 125.747726331361 0 0.540802973406457 98.095583868431
"302" -14.1631314285714 125.762846761905 0 0.432752885159257 99.5587988392204
"303" -13.8929445967742 125.80323766129 0 0.558588629176096 125.189484114065
"304" -13.8346642259414 125.831076359833 0 0.67744598294955 68.3887289198026
"305" 19.0423791734007 38.0269202310017 0 0.128103060256595 38.3860084313909
"306" 19.2261712329073 38.0007180266854 0 0.0921371310901595 3.96564193910465
"307" 19.217329999458 37.8065535795218 0 0.0720369706522179 3.04212162624734
"308" 18.961155609554 37.6942502334389 0 0.0729246907868152 7.83716594720931
"309" 18.5175035136225 38.6669394669113 0 0.164802624325661 42.062742305763
"310" 18.8738405450099 37.4511081422544 0 0.143881333098932 7.83722161613077
"311" 18.8834642575314 37.417529675523 0 0.184078444035239 4.09216900619218
"312" 18.8708838885377 37.7506902028302 0 0.107263057604528 1.72555985732945
"313" 20.1032831247709 37.3408342022251 0 0.105134761219092 6.31360356327944
"314" 20.8460839409948 37.2716494456544 0 0.106526432485489 6.45540430279242
"315" 18.7342031865011 38.4912829921523 0 0.0729093189051042 3.02861292849694
"316" 19.1339203639201 37.6169584074047 0 0.0654959076512287 6.87035451748263
"317" 19.3002557612457 37.700460349481 0 0.0677799079798278 4.13505866742881
"318" 18.6837768353957 37.7507209604317 0 0.12695695060196 1.01838914044527
"319" 19.6338204379903 37.2837874137772 0 0.147712331596863 5.9473086073458
"320" 21.2007780532787 37.2170583703415 0 0.132223661832481 7.83717786532163
"321" 19.7284285833865 37.4979779014343 0 0.0481726181622146 1.63303852894698
"322" 19.1535556800284 37.9802354337589 0 0.0942039186937358 4.03821719984051
"323" 19.4513040988153 37.4211748004878 0 0.0867301110019438 11.8598104360652
"324" 19.2114387012336 37.6673399490464 0 0.10117744434292 3.47803246111405
"325" 20.9335712158294 37.1839126376303 0 0.106037677682296 3.03374602140302
"326" 19.5169268712943 37.31684952797 0 0.160110551609661 19.5149790970986
"327" 20.7503484232026 37.2340594706373 0 0.14172599149334 1.76704880621251
"328" 21.2170492503137 37.2170795640392 0 0.106854953531629 10.4898888672369
"329" 19.6338611282069 37.2837311282069 0 0.117562645510547 1.81057016563602
"330" 20.3349459316162 37.3168320989899 0 0.116149032260833 7.68750648329882
"331" 18.7378357191803 37.7503919672131 0 0.267073058405026 12.9828272084987
"332" 20.93355024 37.1838966036364 0.008 0.156817633095202 4.65317859205809
"333" 20.3338134858896 37.3168470785276 0 0.125208502763699 5.16856988177428
"334" 18.4465340799373 38.4378081350784 0 0.0847437080017389 2.93575439421626
"335" 21.7506867716437 36.883913475872 0 0.325296880623613 1.08704299261179
"336" 20.5839622435666 37.3337104500512 0 0.0914784185178925 4.03770422326862
"337" 18.817523527883 38.1339701406407 0 0.0926942137594744 6.3598453480277
"338" 21.0004498676471 37.3005176397059 0 0.0912063507753308 4.09210165107311
"339" 18.4543387328281 38.4340204183258 0 0.145342276084159 7.82324955967083
"340" 21.000486754717 37.3005283773585 0 0.090244443846997 0.863107178395632
"341" 21.7668390792308 36.8838309207692 0.002 0.0706863441380877 1.01279063052101
"342" 21.2008477358491 37.2170505056604 0.002 0.0853838543758016 1.78884965650929
"343" 21.5001893037475 36.9669474263708 0 0.0957285396756235 0.977300680711063
"344" 21.7667668675444 36.8838405584911 0 0.102377760577097 4.09209765593698
"345" 18.8173463588636 38.1337860729545 0.194 0.0496874528691579 NA
"346" -12.1968134661199 123.130554752366 0 0.245860451266042 84.0784342588289
"347" -12.2368022527948 122.995116996361 0 0.201078742673472 60.5483948019778
"348" -12.2483443855566 123.151704319569 0 0.27361901731566 67.2966072586997
"349" -12.2928871094449 123.021486011454 0 0.331489319055692 44.6529904883978
"350" -12.2234245928102 122.985872023462 0 0.383988060824322 57.8448477928533
"351" -12.237976133931 123.004454628955 0 0.256486331881511 115.757480830292
"352" -12.2578160435196 122.948437656735 0 0.212948810527214 45.7302262998843
"353" -12.2264933096935 123.012961725415 0 0.521937858554288 165.531001229341
"354" 18.7501259977528 37.7502953101124 0 0.11004121492645 6.79426140304176
"355" 18.9668082833099 37.7002503028169 0 0.0970994621130808 1.03536432217324
"356" 18.7341426388184 37.7503963285303 0 0.141463159523166 7.37271569689651
"357" 21.2007832459459 37.2170975702162 0 0.126659496793957 9.85414717186891
"358" 19.933728833137 37.4001826206116 0 0.0669060738529587 6.00395488995708
"359" 20.2175284982037 37.3008091768034 0 0.0600332053314772 2.12637118471033
"360" 19.3002540054348 37.7004626413043 0 0.0867118298947517 2.81227311366695
"361" 18.6921127099605 37.7505787075099 0 0.102656548403273 1.74781210416464
"362" 19.2002398064993 38.0008038833087 0 0.0860980927361823 6.79421319951752
"363" 19.1370074308178 37.6008826728972 0 0.0894670601875633 2.46241388948636
"364" 19.5170034823901 37.3174873807418 0 0.129676478297291 38.3861847090987
"365" 20.8342047190966 37.2834694979128 0 0.0652040001666157 1.10173245166973
"366" 19.2338859469417 37.7006172731152 0 0.0537109552593596 2.11859060905756
"367" 21.0335610299512 37.3345905078049 0 0.0538488960760724 1.96520335965361
"368" 18.8675910234454 37.7508303501401 0 0.101948044420451 3.29743680180865
"369" 18.7340630024031 38.488052519845 0 0.141635623918327 1.94132342856463
"370" 18.7984954912639 38.1669224196009 0 0.141134273321999 38.3877005056505
"371" 19.134243427 37.6168835618889 0 0.0660131020049509 2.80824135742647
"372" 18.7338949761644 38.5000136986301 0.006 0.0863785736072574 2.78316900458188
"373" 19.200897302521 37.6672919748109 0 0.16832164388755 30.3561779148374
"374" 20.3338079401116 37.316885443817 0 0.0981009221287692 3.60524323901301
"375" 20.8841696625 37.2334204479348 0 0.144388641110346 6.79424217628047
"376" 21.5004174708249 36.9673214737827 0 0.0763301055970265 11.2320304765311
"377" 21.000475155 37.30077974 0 0.0893108393291053 6.79437920565894
"378" 18.4340834061765 38.4501649754902 0 0.0703400031779916 2.39375654222745
"379" 21.7508763809524 36.8835111615238 0 0.0630732972381038 1.32979389805337
"380" 18.5416593324793 38.4341878944628 0 0.0689733892765341 2.80777196090039
"381" 18.7341882700682 38.4893691003138 0 0.0304754915431402 1.34483043551797
"382" 19.9220829382002 37.4006036746872 0 0.0979423131793762 6.50268559387241
"383" 18.6841178771311 37.75055 0 0.137522350883854 4.31862393274804
"384" 20.9273489148733 37.273656087357 0 0.145947584581519 6.48873752658442
"385" 18.6837843172 37.7506243866667 0.026 0.0750564898036076 2.30245484373537
"386" 19.2009623793103 37.9756981606466 0 0.176271160189237 7.99122568048518
"387" 20.8366010976934 37.2244926361465 0 0.152021757837746 12.8330182880096
"388" 18.4657891959569 38.4338880168733 0 0.0931106361039544 4.98800125066635
"389" 20.9335359514483 37.1909460962759 0 0.119508567107382 1.44159016741339
"390" 19.4971479269286 37.5057992819464 0 0.111538487911094 4.98804616136096
"391" 18.8825771601875 37.75042935 0.002 0.139768821783851 5.65044472777035
"392" 18.450629973545 38.4340449251323 0 0.101477992115565 3.2228364374001
"393" 19.6337340448657 37.2837733955224 0 0.157908148486388 6.65041156448869
"394" 20.5840147585862 37.3340231387931 0 0.0724862383795926 9.71601206450767
"395" 18.7501930135593 37.7502885220339 0 0.0768054141165696 1.62808089206094
"396" 19.2338866943777 37.7006391759657 0 0.0254023088052801 0.760141738457649
"397" 18.8672721691964 37.4671921602679 0.002 0.204694036951051 8.98657368405003
"398" 18.8837040025862 37.4334170887931 0 0.202614302205824 4.66277130805212
"399" 19.137236333418 37.6103193110854 0 0.112601875053363 3.99427173825003
"400" 21.5003386995305 36.9672749944601 0 0.125949326270371 5.5728390824154
"401" 20.1832567868564 37.2997816481752 0 0.113273939738922 5.69536909981695
"402" 18.8004021247637 38.1507188090737 0 0.152173402648265 11.8152157810115
"403" 18.9174320510497 37.7008205745856 0.324 0.12610650773597 NA
"404" 19.26568525 37.8039628017241 0 0.0750309961666671 2.8694105641857
"405" 21.2109107804608 37.2171398351613 0 0.112090960015831 3.0836680933117
"406" 19.2071435219048 37.6673170694286 0 0.0828659060192977 2.13472694594513
"407" 19.5172833359664 37.3173912771429 0 0.0535721042660285 0.924129563627418
"408" 21.7667211400374 36.8838447029533 0 0.126093971217346 38.3870745248518
"409" 19.2002477714286 38.0007607428571 0.722 0.0489490339084996 NA
"410" 19.3000920352423 37.7004096211454 0 0.0488559483759421 1.8997990668459
"411" 18.9672274248 37.7000384533333 0 0.0564865743503274 1.46557862861562
"412" -7.24688905033074 72.4431462582686 0 0.0328610592055665 5.27867097792698
"413" -7.39113337390351 72.4452913669591 0 0.108112905534334 39.1036520113846
"414" -7.37971680733945 72.4604819266055 0 0.0523925273497083 1.49091932405601
"415" -6.64462834418949 71.3423023488774 0 0.141418745393072 32.9340642637476
"416" -5.36927537922078 71.9657175815296 0 0.12747731193401 47.3566522577922
"417" -5.43157186405724 71.7594477167509 0 0.163810764699377 30.8180418845627
"418" -5.4379419761236 71.8231335627341 0 0.29195789349026 96.3874052071728
"419" -5.29647771731449 71.9679451413428 0 0.10453104150415 21.7642045625106
"420" -5.29951527120908 71.9754956513026 0 0.0706966836776588 10.5471462280789
"421" -7.35939801194743 72.4434283751493 0 0.0633799582664496 42.40320260265
"422" -7.38923234 72.4626221666667 0 0.220280751071905 1.14290680715368
"423" -7.33562854665542 72.4574670095559 0 0.0601764774272708 14.4745932068177
"424" -7.41191218707483 72.4304563038549 0.002 0.293539988818189 32.9346012853143
"425" -5.31017417118437 72.2506823345543 0 0.183136646334063 127.93343281019
"426" -5.33607076473234 72.2309504003599 0 0.161601009632676 14.2142821492327
"427" -6.16275868137596 71.5349658252259 0 0.202609213670197 127.743903881831
"428" -5.3249892625 72.2417246875 0 0.22255881011259 15.8923627288698
"429" -5.43605300271739 71.7552643240489 0 0.231685900617697 36.1442292635142
"430" -5.40119838105727 71.9094026284875 0 0.260321350165416 99.0126983856297
"431" -5.43705239554318 71.8236994846797 0 0.257093401654238 42.5793592905153
"432" -5.30663238426821 71.9734737859445 0 0.121005737311934 41.723798025338
"433" -6.18891391147245 71.3398830201747 0 0.189923607627247 24.1603742409837
"434" -5.31772344036697 72.242391983945 0 0.314331770388399 66.2048546393092
"435" -5.29911166773779 71.9678803084833 0 0.372909525028419 337.167963169485
"436" -5.43912952680344 71.7635698941099 0 0.133799008864264 59.9801292995661
"437" -5.28865910701107 71.9745138868389 0 0.147405144886537 61.8007120230877
"438" -6.64256751937984 71.3471746434109 0 0.229619816579929 19.2581775224564
"439" -6.64026018678161 71.3359369109195 0.086 0.435272930568914 NA
"440" -5.25314194726166 71.8001586663286 0 0.287269961775518 88.3798910953179
"441" -17.1050912002861 119.656338675588 0 0.356535584509835 34.790672375494
"442" -17.3425161125184 119.383884128925 0 0.198923939077272 55.3607068262107
"443" -17.0372109109852 119.621880945455 0 0.579302437285225 43.6492033634848
"444" -17.2766107010629 119.372896864064 0 0.379024585206835 95.5862921266731
"445" -12.2191604779412 123.007196599265 0 0.338240962182283 738.05908572906
"446" -12.2009557082107 123.12955027805 0 0.278395836295932 61.1607176018592
"447" -12.2784159324943 123.004999113272 0 0.342669264657538 106.170770418364
"448" -12.1975504125737 123.02614848723 0 0.323064298385056 76.1506372194426
"449" -12.2936066159696 123.099944942966 0 0.382209356999518 257.494718474518
"450" -12.2280441563322 122.95919485156 0 0.357612337140218 159.727508602324
"451" -12.0917408083436 96.874541548055 0 0.0923961326234566 16.9778279932544
"452" -12.1148148508243 96.8772243241958 0 0.0779412641318675 16.5756575794361
"453" -12.0954522118367 96.8569011157421 0 0.212151883004475 45.1552198928968
"454" -12.1333000512725 96.8631881182593 0 0.7117329151653 219.624787934675
"455" -12.1053009676763 96.8524788012019 0 0.220681818746351 27.6211671122054
"456" -12.1566816172651 96.8667929249687 0 0.225501960212773 67.4535658649694
"457" -12.1349306300424 96.8413519692797 0 0.701397924562453 63.6737074724263
"458" -12.1273142805832 96.8814376169762 0 0.146186677457042 14.6401573121437
"459" -12.1576467685039 96.8401628188976 0 0.108351063385205 14.4093971626845
"460" -12.1298803151282 96.8303112911966 0.002 3.70512387932056 290.834702213586
"461" -26.1475609283333 113.196946489583 0.284 0.766045751584343 NA
"462" -26.0120013384112 113.123260888569 0 0.405564877119449 110.282881144919
"463" -26.1839331497152 113.187916912513 0 0.582971853607905 110.284008975619
"464" -26.4349960590382 113.327158835178 0 0.535589138818366 107.580009867315
"465" -35.0616021954562 116.300108135237 0 0.397653633519469 16.141909246631
"466" -34.9879719043227 116.401603043775 0 0.272220300067888 44.0115217690421
"467" -35.0582842799931 116.323618699913 0 0.380465053375993 26.961387400101
"468" -35.0087744620233 116.377089221928 0 0.246177998147006 12.9918987570804
"469" -33.5260484375 115.010462890625 0 0.16879218896919 15.1709438913619
"470" -34.0956511964736 114.964034571788 0 0.207953400153421 45.827881296849
"471" -33.5341681672026 115.003460289389 0 0.223372384640008 50.5672447208342
"472" -33.5209353773585 115.009440330189 0 0.177507735449122 14.8982484367643
"473" -33.4998760636423 115.009519421034 0 0.358992902115004 46.2141888506663
"474" -33.6446070403254 114.982402799784 0 0.25302747429204 25.3753080904909
"475" -33.5378027272727 114.99826 0 0.178985862119873 21.1469426692627
"476" -33.5280110849057 115.006204775943 0 0.237803489688526 41.0599855424249
"477" -33.7087261884669 114.966237791842 0.024 0.263313947101748 33.9058634651771
"478" -33.5393883127803 114.998817926009 0 0.173927515155928 18.5892146830009
"479" -34.0938950196519 114.96557381808 0 0.0826939517551231 18.4270173311385
"480" -34.3840511191099 115.095243147906 0 0.179276658105014 70.4093129646695
"481" -33.6662599439776 114.988169495798 0 0.109733923183344 3.91045684621784
"482" -33.5673476976744 115.007680906977 0.004 0.250227977742089 29.4264639832323
"483" -33.5026354399773 115.008384961025 0 0.163937663131215 20.9760361149807
"484" -33.6168602216714 114.970217955184 0 0.215998726421295 28.7684140730232
"485" -33.492328684129 115.009649874839 0 0.146929525485223 23.0436005688979
"486" -33.6325926655128 115.269700822155 0 0.0650114106890007 5.02378568170926
"487" -33.6157352680653 115.389104079254 0 0.064786625496321 5.03200932531736
"488" -33.5903056211454 115.388712026432 0 0.184225350074304 23.4027268980904
"489" -33.6201282666667 115.175288419048 0 0.124309560240875 8.05107622583089
"490" -33.5817670800451 115.191353664036 0 0.121258807479435 8.32988005223966
"491" -33.5331956409736 115.070245057471 0 0.134770104468442 7.97557261769232
"492" -33.6835089242211 114.940020697889 0 0.161184522274319 22.4912083947102
"493" -33.5197598030204 115.001160288903 0 0.233384506777162 55.6474906539785
"494" -33.5354290065041 114.996004389431 0 0.229637960594454 34.3411954002533
"495" -33.6830436118286 114.973834742652 0 0.206466456101435 33.0073620974906
"496" -33.6654296969697 114.97701 0 0.154995255594278 7.23685821122133
"497" -34.0611259901599 121.999853210332 0 0.195788493628158 13.0909847817081
"498" -34.0573327722772 121.953315412541 0 0.178075877617039 13.1279160612662
"499" -34.0406461577608 122.010364656489 0 0.184459970877761 13.1160246824603
"500" -34.0665618904824 122.008655932203 0 0.179110266578438 13.12789306102
"501" -34.058184030303 121.865939939394 0 0.167804801352472 13.1277542410913
"502" -34.0273153187919 122.020918255034 0 0.226418661797445 13.1279399555679
"503" -34.0233130670103 121.966140412371 0 0.195675333257657 7.87275901518047
"504" -34.0570252986513 121.988446878613 0 0.21379884874424 13.1128315338995
"505" -34.0445487946429 121.975832209821 0 0.178315905394635 13.0452343926442
"506" -34.0612142962963 121.922020666667 0 0.244072306205876 13.1277284184498
"507" -34.0299486252772 121.983583702882 0 0.165174166155603 13.0981852641479
"508" -32.0358861284404 115.389017798165 0 0.181368078742388 44.9996061402107
"509" -31.9806240917108 115.483562962963 0 0.415559456682111 200.136298217015
"510" -32.0300450584795 115.462694853801 0 0.273070092890613 41.6711401549071
"511" -32.0278269788183 115.516101560758 0 0.171361360724837 42.2786990963573
"512" -31.9830694472362 115.422144924623 0 0.515857085589289 740.003255022666
"513" -32.0303387362637 115.495236126374 0 0.238140674994465 28.4195568372814
"514" -31.9838629032258 115.38556344086 0 0.376338054578945 15.9122045791499
"515" -34.1994734833069 119.58419332509 0 0.0556977906096572 25.3334258833607
"516" -34.2358605280775 119.666640064891 0 0.064465703961103 51.9587038991193
"517" -34.1761109544361 119.625222272605 0 0.0638359160474593 43.4839904771354
"518" -34.2503446863566 119.695364249867 0 0.0649112411643276 14.6769094183375
"519" -35.0025945042474 118.219855162717 0 0.348297513241797 20.3106758200826
"520" -34.9566822908929 118.207436348288 0 0.146008160347705 20.1570753040626
"521" -35.0183646669555 118.151867580905 0 0.192604719845778 12.0325601010484
"522" -34.9645525374254 118.256583143351 0 0.232483649734871 15.4899920933882
"523" -35.0512174377723 118.169129670431 0 0.409974728684385 24.1313115498027
"524" -34.0968840560274 114.958341424527 0 0.0592497969267907 45.8241941030706
"525" -33.6438445595769 114.98778529995 0 0.217781733470474 40.4433154992319
"526" -33.5377807185629 114.999635778443 0 0.223360055867319 63.1182124689498
"527" -34.0184800200105 123.384778836667 0 0.255051352962539 102.560267141636
"528" -33.9822135692559 123.324463333323 0 0.197095533081457 42.3243803362115
"529" -34.0098669900539 123.331128063616 0 0.316312528051785 44.3502789654169
"530" -34.0667508609561 123.307430889505 0 0.261800200926166 44.5240541893368
"531" -34.0936663265306 114.964109336735 0 0.0505204990570722 5.99932821159976
"532" -33.6911142515924 114.974749283439 0 0.203709243601811 20.7609942309087
"533" -33.5332184560781 115.003699511979 0 0.186631518533027 44.3325687404236
"534" -34.3862638457008 115.098596431095 0 0.223590364192212 76.1554246293218
"535" -30.2176062977354 114.660072377627 0 0.230602359107415 26.8537572237505
"536" -30.2213894914717 114.676010178168 0 0.387413690907038 15.1314879346859
"537" -34.0920075088732 123.168409473872 0 0.0362439198062452 11.676425996965
"538" -34.3608864081908 123.539347286572 0 0.14555256400318 45.5237517277566
"539" -34.0790495023545 123.206105330586 0 0.0769162927693889 11.7195745941688
"540" -34.3448391541732 123.55293471448 0 0.21449293370237 153.918162429784
"541" -34.1100936843528 123.163065684519 0 0.151587669638815 53.3439355742913
"542" -34.3471206508916 123.560958052054 0 0.0902206807110921 4.59727755093854
"543" -34.0499403482563 121.989054891106 0 0.120384067066363 13.0622961765095
"544" -34.0014497632876 122.238237905742 0 0.106257126404834 20.2799619210399
"545" -34.0371684104944 121.98222581087 0 0.0327943965104442 10.4129703302971
"546" -34.0396378024573 122.001083173444 0 0.075685101598431 45.4777647665025
"547" -32.0222268436364 115.460263709091 0 0.241919493705424 46.1743566472033
"548" -32.0240193984713 115.51890558325 0 0.115999323577667 26.1457977527599
"549" -31.9890874515648 115.530992372578 0 0.260167533868007 58.405126975964
"550" -32.0324185051539 115.424223961253 0 0.210729555641771 39.5909091819611
"551" -31.9814431466445 115.456348818968 0 0.180245125414678 20.4429823511256
"552" -32.01738 115.508458583691 0 0.137878601667803 16.6698809268504
"553" -33.7042511658031 114.966054145078 0 0.187700011820041 22.395399310172
"554" -33.5196301075269 115.019026702509 0.008 0.253069981510905 32.6919518466262
"555" -33.5340876216968 114.998240055633 0 0.21923328506727 24.1219835819829
"556" -33.6567473509934 114.984241887417 0 0.182043885848675 24.7402047735113
"557" -31.4090113075642 115.426009304821 0 0.212749960092831 71.1485898418017
"558" -33.8524404634605 124.139236654724 0 0.102144167550474 15.9426427599082
"559" -33.755408834613 124.130309018641 0 0.211225123093215 10.3688300276421
"560" -33.7213952831203 124.130336922005 0 0.16362380935309 17.770535172402
"561" -33.860989967907 124.134217394379 0 0.0949581756073599 153.916686593354
"562" -33.7387269727179 124.090195053879 0 0.29706912411072 417.065822118035
"563" -33.8479726214125 124.131659380242 0 0.729435477297521 153.914767049314
"564" -12.5458417557834 124.033217949678 0 0.245249819879221 24.7701328465561
"565" -12.8830983499577 124.340514189349 0 0.627477265197953 130.706379871762
"566" -12.8034619045643 124.277160169433 0 0.560230731177555 97.3400253733879
"567" -20.328859733564 166.204757086505 0.004 0.571885013316471 42.2406968021044
"568" -18.8639970777778 163.424530077778 0 0.431748362770735 27.9726853986609
"569" -19.8625255791506 158.380542181467 0 0.280690533084203 17.3441043569966
"570" -19.4443635230769 163.251108053846 0 0.832000991513988 13.7475471668228
"571" -19.8984449175258 158.37302207732 0.016 0.882092152883484 48.1366261414956
