ID lat_in lon_in beta_slope inf_CI sup_CI number_of_BRUVS
"1" -20.6650707306141 116.427350395936 -1.1379986282111 -1.1439986282111 -1.1319986282111 44
"2" -20.5171217468806 116.581392335116 -1.06288689316044 -1.07288689316044 -1.05288689316044 32
"3" -20.3294641563394 116.465718303146 -0.926878012008345 -0.941878012008345 -0.911878012008344 20
"4" -20.0968299574694 116.399395108985 -1.07257391222776 -1.07957391222776 -1.06557391222776 38
"5" -20.4508152758133 116.529263507779 -1.11318624973992 -1.13518624973992 -1.09118624973992 10
"6" -21.8937855654762 114.160450297619 -1.14372410415762 -1.16672410415762 -1.12072410415762 20
"7" -22.3321703979174 114.189610710301 -1.17022191149111 -1.18122191149111 -1.15922191149111 49
"8" -22.1085048833819 114.486945991254 -1.24915211667832 -1.26815211667832 -1.23015211667832 37
"9" -22.3440198032787 114.174775213115 -1.20391518431476 -1.21991518431476 -1.18791518431476 34
"10" -22.0243057268722 114.448775770925 -1.10463784284412 -1.15563784284412 -1.05463784284412 13
"11" -21.9479 114.4188 -0.993628698548986 -1.03762869854899 -0.949628698548985 1
"12" -21.6123114864644 114.28066289591 -1.10157991703236 -1.12357991703236 -1.08057991703236 20
"13" -20.893524964327 115.191309129889 -1.11186521519363 -1.12286521519363 -1.10186521519363 27
"14" -21.4301991424763 114.746451429083 -1.0316391163657 -1.0496391163657 -1.0136391163657 29
"15" -20.7382159967426 115.230988560666 -1.25617514532075 -1.26617514532075 -1.24617514532075 30
"16" -20.2751323197721 115.306687977388 -0.856352923218426 -0.871352923218428 -0.841352923218427 26
"17" -20.6269384258706 116.426765181144 -1.09868399468353 -1.10868399468352 -1.08868399468352 15
"18" -21.7891579119691 114.148014029472 -1.06501711242841 -1.0720171124284 -1.0580171124284 24
"19" -20.5943621644216 116.461960155784 -1.06603651523897 -1.08103651523897 -1.05103651523897 18
"20" -20.4121033238487 116.823105810197 -0.982395402176493 -0.998395402176492 -0.966395402176492 12
"21" -20.9025029381188 115.91597858474 -1.21128364183935 -1.21928364183935 -1.20328364183935 26
"22" -21.7440493375175 114.269285800467 -1.07727341920193 -1.08427341920192 -1.07027341920192 34
"23" -21.5595488911908 114.728338090219 -1.0542752294355 -1.0592752294355 -1.0492752294355 31
"24" -21.4614133733584 114.932258158366 -1.14394363499454 -1.14994363499454 -1.13794363499454 27
"25" -21.6488197600109 114.493074854634 -1.06257468179409 -1.06857468179409 -1.05657468179409 26
"26" -21.3246701341997 115.099209510988 -1.09614964814812 -1.10314964814812 -1.08914964814812 27
"27" -21.1448215316551 115.616657916765 -1.09058672055589 -1.10158672055589 -1.07958672055589 27
"28" -9.88232367191456 143.304815690347 -1.02316589887551 -1.04116589887551 -1.00516589887551 13
"29" -10.0087318082664 143.549296221384 -1.16506690554401 -1.18206690554401 -1.14806690554401 14
"30" -9.9494275171018 143.293408628381 -1.08001851568811 -1.09701851568811 -1.06301851568811 14
"31" -11.5644711639558 143.000019456424 -0.952976995839278 -0.977976995839278 -0.927976995839277 15
"32" -11.253206899884 142.907517099681 -1.03739099009828 -1.06439099009828 -1.01039099009828 16
"33" -11.5206865587045 143.007385290148 -0.852351830239564 -0.876351830239564 -0.828351830239562 16
"34" -9.96343306953839 143.388382317669 -1.14449521563453 -1.15649521563454 -1.13249521563453 15
"35" -10.71676103624 143.96771075118 -1.05004944470634 -1.06004944470633 -1.04004944470633 16
"36" -12.2444591954023 143.224977586207 -1.1632982491814 -1.2112982491814 -1.1162982491814 14
"37" -11.9650430400619 143.266735384353 -1.0136829266029 -1.0676829266029 -0.959682926602902 7
"38" -10.76410908021 143.973182270505 -1.10453124629237 -1.11753124629237 -1.09153124629237 17
"39" -10.06003635153 143.777880866084 -1.05159250536898 -1.06359250536898 -1.03959250536898 12
"40" -10.7362053291307 143.972101672892 -1.01863062026685 -1.02863062026685 -1.00863062026685 17
"41" -11.7408872672152 142.973851028758 -0.917954225025492 -1.05995422502549 -0.773954225025491 6
"42" -10.002099949904 143.530748753902 -1.14996771965018 -1.16896771965018 -1.13196771965018 17
"43" -10.147757060858 143.623581145015 -1.05650787595235 -1.06850787595235 -1.04450787595234 18
"44" -12.2463558196497 143.214865093949 -1.04835955920988 -1.06835955920988 -1.02835955920988 20
"45" -12.2521318072435 143.242499484549 -1.15159539624649 -1.17459539624649 -1.12859539624649 19
"46" -13.5037776714835 143.733723972527 -0.996596151769445 -1.01759615176945 -0.975596151769444 20
"47" -11.4545560126781 143.043292096296 -1.02127997206884 -1.03127997206883 -1.01127997206883 20
"48" -11.5400802157633 143.027649559533 -0.988130343306208 -1.00013034330621 -0.976130343306206 20
"49" -11.5994210264602 142.940515678693 -0.962125022530649 -0.976125022530649 -0.94812502253065 20
"50" -10.1904187321646 143.676284461669 -0.996504886044404 -1.00850488604441 -0.984504886044405 15
"51" -12.2422727252078 143.206859800978 -1.14702181440634 -1.16002181440634 -1.13402181440634 19
"52" -13.9865808863815 143.986672188948 -0.952208552734951 -0.966208552734951 -0.938208552734952 18
"53" -11.5978173702214 142.938122324009 -0.991567705834415 -1.00856770583442 -0.974567705834417 18
"54" -13.5126770981573 143.719251294181 -1.06300755209178 -1.08200755209178 -1.04400755209178 19
"55" -13.3833963194028 143.69585579173 -1.00472356461776 -1.02272356461776 -0.986723564617758 10
"56" -11.5490119798348 142.997596689018 -0.964673453251448 -0.979673453251451 -0.949673453251449 20
"57" -12.2466990181458 143.274646233221 -0.998641101807749 -1.00964110180775 -0.98764110180775 18
"58" -13.6452434289986 143.733365912378 -1.03961804703943 -1.05961804703943 -1.01961804703943 18
"59" -11.48480684158 143.028095680667 -0.995028514344345 -1.00702851434434 -0.983028514344344 17
"60" -13.5003977829142 143.739232112808 -1.04283637801626 -1.05783637801626 -1.02783637801626 19
"61" -13.5121471206321 143.721419457336 -1.0680933591612 -1.0960933591612 -1.0400933591612 19
"62" -13.5386672690385 143.755131048077 -1.02985898129515 -1.06285898129515 -0.996858981295151 13
"63" -12.2265391300957 143.271473636364 -1.05821306270668 -1.06821306270668 -1.04821306270668 17
"64" -14.0404400610625 143.942474810625 -1.07793086070921 -1.08993086070921 -1.06593086070921 19
"65" -13.5315775575 143.77034121978 -1.00500784852164 -1.03600784852164 -0.974007848521641 18
"66" -14.0668947452257 144.014800097127 -0.994831199043075 -1.01283119904307 -0.976831199043072 19
"67" -12.2468997547834 143.233784160237 -1.02300652942489 -1.03600652942488 -1.01000652942489 19
"68" -13.5118346835294 143.716562114706 -1.02824231532242 -1.05824231532242 -0.998242315322418 18
"69" -14.4026729864576 144.906878688525 -1.05121765321913 -1.06321765321913 -1.04021765321913 19
"70" -13.9103884579638 143.907622782805 -1.07932425214681 -1.1163242521468 -1.04232425214681 16
"71" -14.0766640796495 125.68130305258 -1.02075249362579 -1.03675249362579 -1.00475249362579 18
"72" -13.930249004837 125.63141888963 -0.993560168303501 -1.0085601683035 -0.978560168303499 15
"73" -13.8641954662123 125.818029849075 -1.02892859303786 -1.04592859303786 -1.01192859303786 17
"74" -13.8686154842919 125.757095376906 -1.12101436400897 -1.15001436400897 -1.09201436400897 15
"75" -13.5780470717347 125.957120251701 -1.14077732423545 -1.17977732423545 -1.10277732423545 9
"76" -13.8125995825884 125.828271138573 -1.07684596171226 -1.09684596171225 -1.05684596171226 18
"77" -15.5537430249764 123.16299867217 -0.948003339995964 -0.981003339995965 -0.915003339995963 15
"78" -13.9367584165772 125.723319827181 -1.06161174629076 -1.08461174629076 -1.03861174629076 15
"79" -13.814742740365 125.784826233577 -0.992752283602826 -1.03475228360282 -0.950752283602824 13
"80" -30.3345445779449 114.953767940536 -1.00302435437281 -1.01602435437281 -0.99002435437281 32
"81" -30.289261490567 114.690921261456 -0.98432323267156 -0.998323232671559 -0.970323232671561 34
"82" -30.3434570379205 114.818464676902 -1.06688603004926 -1.07988603004926 -1.05388603004926 31
"83" -30.3413516561361 114.901292408682 -1.20876348643424 -1.22476348643424 -1.19276348643424 30
"84" -21.5989240143369 114.720615412186 -0.997551877474989 -1.03855187747499 -0.95655187747499 5
"85" -21.5566727311828 115.059094451613 -1.05243158538109 -1.06643158538109 -1.03843158538109 30
"86" -21.4252464114833 115.141331020734 -1.10275025974517 -1.11875025974517 -1.08675025974517 18
"87" -21.5712160294118 114.732398382353 -1.02798457908648 -1.05598457908648 -0.999984579086483 6
"88" -12.513476478222 124.173028749403 -1.00735723231498 -1.02235723231498 -0.99235723231498 16
"89" -13.4396232523524 124.026303606413 -0.973206595968081 -0.98220659596808 -0.964206595968079 30
"90" -13.4702042815745 124.067622251677 -1.0728150218676 -1.0818150218676 -1.0638150218676 32
"91" -13.0690191855236 124.584258116814 -1.04164813579346 -1.06464813579346 -1.01864813579346 8
"92" -13.078674093643 124.579961622606 -1.02256661522732 -1.03056661522732 -1.01456661522732 16
"93" -12.5170012724731 124.17639136577 -0.964625681102143 -0.978625681102141 -0.950625681102142 7
"94" -13.9032124939666 123.906673184855 -0.986996023975139 -0.995996023975138 -0.977996023975138 24
"95" -12.563054924712 124.005229790756 -0.998395105656953 -1.01039510565695 -0.986395105656953 22
"96" -12.8834745629956 124.336471045918 -1.08566129362073 -1.10366129362073 -1.06766129362073 8
"97" -12.5709101871691 123.598099040207 -0.993944040201339 -1.00694404020134 -0.980944040201337 16
"98" -12.8040282819065 124.281987026128 -0.981139170147476 -0.991139170147473 -0.971139170147474 24
"99" -12.5464214315253 124.033980361168 -0.984297204266702 -0.993297204266703 -0.975297204266703 23
"100" -12.8817810125075 124.344584210678 -1.03193504785396 -1.04893504785396 -1.01493504785396 15
"101" -12.5464958930144 124.032648564637 -0.947018630202882 -0.972018630202882 -0.922018630202881 7
"102" -20.4390063878492 115.566592511387 -1.02509997582096 -1.03109997582096 -1.01909997582096 41
"103" -20.4508702572823 115.473698771926 -1.11786894622741 -1.12586894622741 -1.10986894622741 39
"104" -20.2263438202247 115.348101048689 -1.07791483444672 -1.09291483444672 -1.06291483444672 20
"105" -20.2644224470135 115.441726989403 -0.989404506409773 -0.997404506409772 -0.981404506409774 30
"106" -20.3446159804321 115.592125046881 -1.10973906237316 -1.12073906237316 -1.09873906237317 30
"107" -20.3628471830986 115.352629978873 -1.04817014077555 -1.05617014077555 -1.04017014077555 30
"108" -20.4530780487805 115.386492268293 -1.0916258252631 -1.1196258252631 -1.0636258252631 10
"109" -22.4424889712794 167.165708036554 -1.03614983643506 -1.06214983643506 -1.01014983643506 4
"110" -22.3839050508475 167.073110635593 -1.02357859096776 -1.08557859096776 -0.961578590967761 4
"111" -20.2073979428571 163.944204228571 -0.989193323476725 -1.03619332347672 -0.942193323476722 10
"112" -19.686609390681 163.612084767025 -1.08192933631609 -1.11292933631609 -1.05192933631609 6
"113" -20.6909593782383 164.249061588946 -1.03540368967316 -1.06040368967316 -1.01040368967316 4
"114" -22.3361238132296 166.229775525292 -1.16546622855542 -1.19946622855542 -1.13246622855542 7
"115" -21.4019309638554 164.926645662651 -1.0868126805657 -1.16681268056569 -1.0088126805657 2
"116" -22.3686810643564 167.094531935644 -1.01464466674787 -1.04264466674787 -0.986644666747868 4
"117" -22.4104347207547 167.154145860377 -1.07621388400601 -1.11421388400601 -1.03821388400601 4
"118" -22.4272556025641 167.207450974359 -1.09345206635691 -1.1294520663569 -1.05845206635691 2
"119" -21.6468263953488 165.428670581395 -1.22731792359586 -1.34331792359586 -1.11531792359586 2
"120" -22.392671704918 167.164708898361 -0.987246803495484 -1.01724680349549 -0.957246803495483 4
"121" -18.4758648929664 163.094987798165 -1.49273749676781 -1.55173749676781 -1.43673749676781 3
"122" -21.0032999305556 164.610157916667 -1.15155662289785 -1.21355662289785 -1.09055662289785 6
"123" -18.47566 163.096321976744 -1.40483906392023 -1.50183906392023 -1.31783906392023 1
"124" -22.02134775 165.9544225 -1.11155866709791 -1.20455866709791 -1.02055866709791 3
"125" -22.4434596571429 167.106172824762 -1.00541625663704 -1.03441625663704 -0.976416256637037 4
"126" -22.387458186227 166.879780339476 -0.994329613185398 -1.0113296131854 -0.9773296131854 11
"127" -18.2132861861282 162.987522380158 -1.05244497709196 -1.07144497709195 -1.03344497709195 8
"128" -22.3132494179104 166.247240328358 -0.983680890983184 -1.00268089098318 -0.964680890983182 12
"129" -20.9334165930599 165.503691104101 -1.016997944056 -1.034997944056 -0.998997944055997 12
"130" -20.2219481296296 163.876119964506 -1.07000884336854 -1.09100884336854 -1.05000884336854 8
"131" -20.215848875969 164.447145736434 -1.04465903829383 -1.08965903829383 -1.00065903829383 6
"132" -21.009361605948 164.612641333829 -0.987586690043747 -1.00358669004374 -0.971586690043743 11
"133" -22.3894248366959 166.291739132362 -1.56961767419408 -1.57961767419408 -1.55961767419408 10
"134" -18.0489853 162.951231978788 -1.15325342923188 -1.18925342923187 -1.11825342923187 8
"135" -22.858224048913 166.805912880435 -1.0612140548172 -1.0902140548172 -1.0322140548172 8
"136" -18.3037658793309 162.993785910394 -0.995245942649007 -1.01224594264901 -0.978245942649007 8
"137" -20.3872323232323 164.654334646465 -1.08367060665426 -1.11467060665426 -1.05267060665426 12
"138" -21.980315489555 166.909081861944 -1.0328724688884 -1.0528724688884 -1.0128724688884 12
"139" -19.6142623561191 163.352940566703 -1.05936312299374 -1.07636312299374 -1.04336312299374 6
"140" -22.6503265251989 166.91791734748 -1.04188756881815 -1.07488756881815 -1.00988756881815 4
"141" -21.2239013658537 165.852263853659 -1.02068170058722 -1.12868170058722 -0.912681700587221 3
"142" -21.6449285613208 166.393592346698 -1.16857968428608 -1.18957968428608 -1.14857968428608 12
"143" -22.4754463819095 166.399258869347 -1.07381177812639 -1.09081177812639 -1.05681177812639 9
"144" -20.3928554139535 164.698798176744 -1.1539339071976 -1.2099339071976 -1.0989339071976 4
"145" -21.4114300992736 164.970010062954 -1.12178264740519 -1.15478264740519 -1.08978264740519 8
"146" -18.4592835416667 163.188844454167 -0.889498084941402 -0.931498084941399 -0.846498084941402 7
"147" -18.2882133209302 163.07930292093 -0.967598479758173 -1.00959847975817 -0.925598479758172 4
"148" -22.0115791535433 165.938677980315 -0.979746493208941 -1.01774649320894 -0.941746493208942 8
"149" -19.6755161428571 163.9716220625 -1.10470950792627 -1.15570950792627 -1.05370950792627 4
"150" -22.8923947318612 166.965193911672 -1.13813464619945 -1.18313464619945 -1.09413464619945 7
"151" -18.32423 162.961120166667 -1.17102378545008 -1.30602378545008 -1.04302378545008 1
"152" -21.8746313986014 165.76029013986 -1.09921314234914 -1.15421314234914 -1.04521314234914 10
"153" -18.1509197649123 162.821540319298 -0.9986816525001 -1.0326816525001 -0.964681652500101 5
"154" -22.092601386673 113.814750495049 -1.04403960390208 -1.11403960390209 -0.975039603902086 3
"155" -22.6169068677191 113.554598412698 -1.07564872529406 -1.11064872529406 -1.04064872529406 27
"156" -23.6071370455672 113.238562393999 -1.01847106683053 -1.04647106683052 -0.990471066830526 20
"157" -22.0485908390063 113.806064465409 -0.903671659597009 -0.935671659597009 -0.870671659597008 17
"158" -22.1984820005797 113.749982258065 -1.10021581654793 -1.15121581654792 -1.05021581654793 10
"159" -22.1281985027784 113.793916425121 -0.920733576531174 -0.996733576531174 -0.842733576531174 4
"160" -22.1534665676367 113.767844029851 -0.998567928778208 -1.05956792877821 -0.937567928778208 12
"161" -22.6836193944485 113.486688888889 -0.742372650887152 -0.88337265088715 -0.587372650887151 15
"162" -22.8433124865139 113.717590032662 -1.01738678371585 -1.02638678371585 -1.00838678371585 29
"163" -23.2604911330159 113.756417986711 -1.09854411063132 -1.10854411063132 -1.08854411063132 30
"164" -22.119809944728 113.867038736673 -1.03308184009861 -1.04408184009861 -1.02208184009861 17
"165" -22.4573615985704 113.727478161968 -0.981385761446711 -0.99038576144671 -0.972385761446709 29
"166" -23.797563009302 113.399815269735 -1.22194620880979 -1.23394620880979 -1.20994620880979 24
"167" -23.8081419634305 113.425961875149 -1.06959963320449 -1.08159963320449 -1.05759963320449 28
"168" -23.7540541053423 113.272324478064 -0.860382366814492 -0.889382366814491 -0.831382366814491 21
"169" -22.2407073468625 113.787522310875 -0.871168746997724 -0.895168746997726 -0.847168746997724 28
"170" -22.1400226811114 113.814606629116 -0.981834023071715 -0.997834023071714 -0.965834023071714 28
"171" -23.7782195146042 113.337175589277 -1.18538968685886 -1.21138968685886 -1.15938968685886 16
"172" -22.0868864646407 113.826559339112 -0.94833252494599 -0.964332524945988 -0.932332524945988 27
"173" -22.8303689256333 113.515097936508 -0.994325920293214 -1.01532592029321 -0.973325920293213 20
"174" -23.7560425828195 113.292412917301 -0.96326887015714 -0.99226887015714 -0.93426887015714 28
"175" -22.7733696367556 113.573193561077 -0.999505096496809 -1.01350509649681 -0.985505096496809 29
"176" -22.2805857301504 113.775537651435 -0.989351291456636 -1.01035129145664 -0.968351291456635 31
"177" -23.7866461608999 113.328603134503 -0.94538653330826 -0.965386533308259 -0.925386533308259 20
"178" -22.1659929663742 113.838187477735 -1.02587637512213 -1.04387637512213 -1.00787637512213 21
"179" -22.7193188576256 113.614255422972 -1.12082455179288 -1.13382455179288 -1.10782455179288 23
"180" -22.8118655317571 113.677610986857 -1.05030668358223 -1.06430668358223 -1.03630668358223 22
"181" -23.813415284101 113.464439204857 -1.21888083084929 -1.24288083084929 -1.19488083084929 15
"182" -22.7718853066942 113.641587909825 -1.08006398336048 -1.09606398336048 -1.06406398336048 35
"183" -22.21505703865 113.793313984758 -0.966763066418925 -0.980763066418923 -0.952763066418925 18
"184" -22.8627744175824 113.703276725275 -1.02505340096194 -1.05805340096194 -0.992053400961936 9
"185" -22.6705766703768 113.595640043705 -1.0510628098191 -1.0640628098191 -1.0380628098191 34
"186" -22.3332246345257 113.733626143079 -1.05508467676852 -1.08008467676851 -1.03008467676851 21
"187" -22.1712485072145 113.788838838612 -0.885376934544412 -0.930376934544409 -0.839376934544411 11
"188" -22.3105826530612 113.774001496599 -1.05597724587622 -1.11397724587622 -0.998977245876215 4
"189" -13.9456417489422 143.839141043724 -1.00141339800222 -1.02041339800222 -0.982413398002219 18
"190" -14.4647222222222 144.887430555556 -1.24243520131081 -1.33143520131081 -1.15643520131081 4
"191" -13.6678324022346 143.895134078212 -1.05779665878847 -1.10979665878847 -1.00679665878847 6
"192" -14.2886560402292 144.7681888125 -1.05449641874687 -1.08249641874687 -1.02649641874687 15
"193" -13.949876870102 143.972076307347 -1.0351156192482 -1.0541156192482 -1.0161156192482 17
"194" -14.0606650389109 144.000353762376 -0.983501187522673 -1.02550118752267 -0.941501187522672 12
"195" -13.5254720496894 143.775931677019 -1.03614743992712 -1.07114743992712 -1.00114743992712 7
"196" -13.9087719565152 143.841260424242 -0.984624213911847 -1.04962421391185 -0.919624213911845 6
"197" -13.4759813108901 143.826430070549 -1.0464801768299 -1.0644801768299 -1.0284801768299 15
"198" -13.524640625 143.77958125 -1.00897687744731 -1.04297687744731 -0.974976877447308 10
"199" -13.9809369995586 143.904494739898 -1.07734726426771 -1.09834726426771 -1.05634726426771 11
"200" -14.1432173913043 144.225652173913 -0.906004915733445 -1.00100491573344 -0.808004915733445 5
"201" -13.4761104972376 143.739276243094 -1.00306730578349 -1.03306730578349 -0.973067305783484 7
"202" -13.6513565891473 143.727178294574 -1.02430695765743 -1.08730695765743 -0.961306957657435 6
"203" -13.5890578188034 143.770140555556 -1.00541648090028 -1.04741648090028 -0.963416480900278 14
"204" -14.0740611112308 144.224174358974 -0.957410642915149 -1.00541064291515 -0.90841064291515 7
"205" -14.0445504724277 144.012453606936 -1.05491879485352 -1.08491879485352 -1.02491879485352 9
"206" -13.997985915493 144.008014084507 -0.983399938104252 -1.01839993810425 -0.948399938104252 3
"207" -14.0571232876712 144.248719178082 -1.0315508637499 -1.0905508637499 -0.9735508637499 3
"208" -13.477374953271 143.733485981308 -0.996610488510351 -1.05561048851035 -0.937610488510352 7
"209" -13.9359888888889 143.888977777778 -0.967037167182208 -1.02903716718221 -0.90403716718221 5
"210" -13.8073 143.782566666667 -1.16983183271677 -1.31283183271677 -1.03583183271677 3
"211" -13.797 143.755 -2.03928557634439 -2.57528557634438 -1.60128557634438 1
"212" -26.1224120221481 113.233541974454 -1.08214498327285 -1.09014498327285 -1.07414498327285 65
"213" -26.1399688706429 113.178257283295 -1.0672465621356 -1.0762465621356 -1.0582465621356 61
"214" -26.1021613339305 113.245358340007 -1.09159778286964 -1.10159778286964 -1.08159778286964 54
"215" -26.1501657681831 113.19719438683 -1.07030581832331 -1.08030581832331 -1.06030581832331 69
"216" -26.0457807736769 113.221626686281 -1.10246168343229 -1.11346168343229 -1.09246168343229 50
"217" -20.1166966216216 116.433637837838 -1.24361928845736 -1.32061928845736 -1.16961928845736 5
"218" -20.1493395196507 116.219373144105 -0.937711791807014 -0.966711791807015 -0.907711791807014 14
"219" -20.1404844613918 116.342126882745 -1.0243673900404 -1.0423673900404 -1.0063673900404 16
"220" -20.1332096551724 116.431235862069 -0.998205810483866 -1.01620581048387 -0.980205810483866 17
"221" -20.1542938650307 116.216891411043 -0.667917608713598 -0.748917608713597 -0.583917608713598 4
"222" -20.138729 116.2031965 -0.742767989531882 -0.801767989531882 -0.681767989531881 4
"223" -20.1616979865772 116.221812080537 -0.891616758738002 -0.941616758738004 -0.840616758738001 6
"224" -20.1412929292929 116.342842712843 -0.83916248087458 -0.86416248087458 -0.814162480874579 17
"225" -20.118263322884 116.436426332288 -0.979176457980568 -1.00917645798057 -0.949176457980567 11
"226" -20.1407135678392 116.213263819095 -0.96989654714695 -0.988896547146947 -0.950896547146947 22
"227" -20.1301687533729 116.431101079331 -1.18749399828125 -1.20149399828125 -1.17349399828125 8
"228" -20.1414379310345 116.423617241379 -0.89016610090593 -0.917166100905931 -0.863166100905929 9
"229" -20.0728099173554 116.636718044077 -1.12472522153532 -1.14172522153532 -1.10772522153532 22
"230" -20.0647174718196 116.63891489533 -1.18201341967709 -1.20101341967709 -1.16301341967709 19
"231" -20.1143929411765 116.428908235294 -1.1727477004178 -1.2527477004178 -1.0957477004178 4
"232" -20.1200224315069 116.462464726027 -1.00112522202513 -1.03112522202513 -0.971125222025126 11
"233" -20.1303624197002 116.436284047109 -1.17152396541385 -1.19352396541385 -1.14952396541385 10
"234" -20.1513792482381 116.22559036805 -0.977285763519948 -0.992285763519948 -0.962285763519947 19
"235" -20.1413881748072 116.421335475578 -1.08252876779207 -1.11552876779207 -1.05052876779207 7
"236" -20.0646598726115 116.643977866242 -0.979852987593301 -1.0268529875933 -0.9328529875933 15
"237" -20.1286893772894 116.437098190476 -1.02354477304217 -1.05854477304217 -0.988544773042168 10
"238" -20.0570403567447 116.636345121516 -1.16388033365068 -1.18588033365068 -1.14188033365068 17
"239" -20.1395397283531 116.420972018676 -1.02608384713408 -1.04708384713408 -1.00508384713408 18
"240" -20.0703522556391 116.654472071429 -1.14861191874203 -1.19561191874203 -1.10261191874203 5
"241" -20.1248648148148 116.436867611111 -1.22727203665389 -1.36227203665389 -1.09927203665389 3
"242" -20.0719898190045 116.635617719457 -0.962895544575567 -0.990895544575565 -0.934895544575568 25
"243" -20.1245618547297 116.430348150338 -0.919893563272648 -0.960893563272649 -0.877893563272647 10
"244" -20.1258275132275 116.431928126984 -0.927362752578793 -0.972362752578793 -0.882362752578793 5
"245" -20.1358328358209 116.426889837178 -0.928708734550566 -0.955708734550569 -0.901708734550567 20
"246" -20.1251913043478 116.437631014493 -0.783997128174095 -0.969997128174096 -0.592997128174098 3
"247" -20.1135 116.438380137931 -1.29954911193994 -1.55254911193995 -1.06354911193995 1
"248" -20.1323588911223 116.427061976549 -0.834893737935765 -0.864893737935766 -0.804893737935764 20
"249" -20.126220873385 116.435503875969 -0.958059200196004 -0.989059200196003 -0.927059200196005 18
"250" -20.1461005904059 116.22535301353 -0.953059030020477 -0.978059030020475 -0.928059030020474 17
"251" -20.1438415613682 116.208718309859 -1.33498541390908 -1.38898541390908 -1.28198541390908 17
"252" -20.14018168 116.4102892 -1.0583403367487 -1.1143403367487 -1.0033403367487 6
"253" -20.8678321418039 115.507781122251 -1.06538816252988 -1.07838816252987 -1.05238816252987 26
"254" -20.8895034356527 115.569418530337 -1.44373158710925 -1.46173158710925 -1.42573158710925 25
"255" -20.8788911078473 115.491324496497 -1.03674738863654 -1.04774738863654 -1.02574738863654 30
"256" -20.7997555148998 115.479542654035 -1.06525000282694 -1.07825000282694 -1.05225000282694 23
"257" -20.8505790921067 115.478411121513 -1.06787249716977 -1.08087249716977 -1.05487249716977 27
"258" -20.7632992266949 115.490039172914 -1.17794613095219 -1.20694613095219 -1.14994613095219 15
"259" -20.5705662381847 115.543160746168 -1.11491223854535 -1.13291223854535 -1.09691223854535 13
"260" -20.6963248034657 115.384172419654 -1.25513705064014 -1.28813705064014 -1.22313705064014 25
"261" -20.8260380816313 115.494146549326 -1.0783115602075 -1.0883115602075 -1.0683115602075 43
"262" -20.7382918227122 115.487063573964 -0.988413513530792 -1.00341351353079 -0.97341351353079 19
"263" -20.8195247636111 115.500858223502 -1.14728433713489 -1.15828433713489 -1.13628433713489 32
"264" -20.8636397869824 115.492715327092 -1.19518576032368 -1.21218576032367 -1.17818576032368 35
"265" -20.9413883221759 115.524643988677 -1.09363573084511 -1.1076357308451 -1.07963573084511 35
"266" -20.8670895613501 115.527327062201 -1.10619351340805 -1.12319351340805 -1.08919351340806 17
"267" -20.5465495256328 115.565064122702 -0.977507514966497 -1.0025075149665 -0.952507514966495 12
"268" -20.5146251802494 116.718258978675 -0.980054271560711 -0.996054271560709 -0.964054271560709 28
"269" -20.5599197928089 116.717230887617 -1.09273650498948 -1.10773650498949 -1.07773650498948 18
"270" -20.4266296618738 116.7878153535 -1.10193715744149 -1.11393715744149 -1.08993715744149 36
"271" -20.4554761917783 116.653973884408 -0.950913016429169 -0.967913016429168 -0.93391301642917 28
"272" -20.3983767403704 116.788069405321 -1.04956796426398 -1.06456796426398 -1.03456796426398 23
"273" -20.4271808891198 116.682688857479 -1.08807720737775 -1.10307720737775 -1.07307720737775 26
"274" -20.4132889862353 116.709227194245 -1.03809205112495 -1.05009205112496 -1.02609205112496 29
"275" -20.5372249408134 116.719535648148 -1.06805855799631 -1.08705855799631 -1.04905855799631 20
"276" -20.5071366280003 116.697132525697 -1.1541171432242 -1.16611714322421 -1.1421171432242 28
"277" -20.5096878600094 116.760859571833 -1.05941652095978 -1.07641652095978 -1.04341652095978 21
"278" -20.4930486030125 116.691642860734 -1.0895521407038 -1.11055214070381 -1.0685521407038 16
"279" -20.4308777156729 116.722185854491 -1.00006558759364 -1.00706558759364 -0.993065587593637 35
"280" -20.5214830622484 116.682778580678 -1.08824553976129 -1.10424553976129 -1.07224553976129 24
"281" -20.3958853169113 116.750412647753 -1.01041693070451 -1.02641693070451 -0.994416930704507 21
"282" -20.4543096067735 116.727254104868 -1.03351704502352 -1.04451704502351 -1.02251704502352 42
"283" -20.7708205990543 115.444736545102 -1.13351478393516 -1.14751478393516 -1.11951478393516 35
"284" -20.7909188402464 115.482421760481 -1.13629603776653 -1.15029603776653 -1.12229603776653 30
"285" -20.877730956681 115.521201974927 -1.06929532702787 -1.08729532702787 -1.05129532702787 19
"286" -20.8509873301875 115.532077922515 -1.14979918507458 -1.16479918507459 -1.13479918507458 35
"287" -20.7511865890492 115.430701321975 -1.24808170979523 -1.26908170979523 -1.22808170979523 30
"288" -20.8165666762661 115.494274711549 -1.24792979774695 -1.28892979774695 -1.20792979774695 10
"289" -20.8060786395315 115.475930433231 -1.14267847207217 -1.16367847207217 -1.12167847207217 14
"290" -21.7922965169231 114.129730948718 -1.08549919032735 -1.12749919032735 -1.04349919032735 10
"291" -21.7896343414875 114.1407078475 -1.15958773152521 -1.18158773152521 -1.13758773152521 15
"292" -26.2778167972614 113.260008064315 -0.920612301595376 -0.947612301595377 -0.892612301595378 9
"293" -26.0773485284741 113.152729722963 -1.00311526545967 -1.03011526545967 -0.976115265459669 8
"294" -25.9515264701456 113.063210956311 -1.11838835987443 -1.14238835987443 -1.09538835987443 10
"295" -13.9420388920946 125.637852914022 -1.10395448454273 -1.11795448454273 -1.08995448454273 18
"296" -14.0902076865109 125.72513933685 -1.0904797019558 -1.1054797019558 -1.0754797019558 19
"297" -13.8887591715976 125.747726331361 -1.12250662481761 -1.1465066248176 -1.0985066248176 17
"298" -14.1631314285714 125.762846761905 -1.08878423440888 -1.10678423440888 -1.07078423440888 19
"299" -13.8929445967742 125.80323766129 -1.07748684658808 -1.09348684658808 -1.06148684658808 20
"300" -13.8346642259414 125.831076359833 -1.05113404923458 -1.07013404923458 -1.03213404923458 17
"301" 19.0423791734007 38.0269202310017 -1.11373483250034 -1.13173483250035 -1.09573483250034 7
"302" 19.2261712329073 38.0007180266854 -1.07175537446682 -1.10375537446681 -1.03975537446681 6
"303" 19.217329999458 37.8065535795218 -1.03299182909345 -1.05799182909345 -1.00799182909345 5
"304" 18.961155609554 37.6942502334389 -1.16391854440727 -1.19391854440727 -1.13391854440727 6
"305" 18.5175035136225 38.6669394669113 -1.12336479057301 -1.14236479057301 -1.10436479057301 6
"306" 18.8738405450099 37.4511081422544 -0.992979683176025 -1.01297968317602 -0.972979683176025 10
"307" 18.8834642575314 37.417529675523 -1.04341330605775 -1.11641330605774 -0.971413306057745 1
"308" 18.8708838885377 37.7506902028302 -0.88459072010624 -0.948590720106239 -0.819590720106238 5
"309" 20.1032831247709 37.3408342022251 -1.07034478963289 -1.08934478963289 -1.05134478963289 10
"310" 20.8460839409948 37.2716494456544 -1.13622788370304 -1.17022788370303 -1.10222788370304 6
"311" 18.7342031865011 38.4912829921523 -1.06213336233395 -1.08713336233395 -1.03713336233395 6
"312" 19.1339203639201 37.6169584074047 -1.26257886821986 -1.30257886821985 -1.22357886821985 6
"313" 19.3002557612457 37.700460349481 -1.15018563591449 -1.20318563591449 -1.09818563591449 6
"314" 18.6837768353957 37.7507209604317 -0.72329603162207 -0.792296031622069 -0.652296031622068 5
"315" 19.6338204379903 37.2837874137772 -1.0364941224395 -1.07849412243949 -0.994494122439495 5
"316" 21.2007780532787 37.2170583703415 -1.03350874522592 -1.06250874522592 -1.00450874522592 5
"317" 19.7284285833865 37.4979779014343 -0.992670035300532 -1.04667003530053 -0.938670035300529 6
"318" 19.1535556800284 37.9802354337589 -1.07373414462757 -1.10573414462757 -1.04173414462757 7
"319" 19.4513040988153 37.4211748004878 -1.12956711268427 -1.17556711268427 -1.08456711268427 5
"320" 19.2114387012336 37.6673399490464 -1.09566451409149 -1.12066451409149 -1.07166451409149 6
"321" 20.9335712158294 37.1839126376303 -1.15182257297692 -1.21282257297692 -1.09182257297692 3
"322" 19.5169268712943 37.31684952797 -1.16911871673539 -1.19811871673539 -1.1411187167354 6
"323" 20.7503484232026 37.2340594706373 -0.845836997786468 -0.884836997786465 -0.806836997786466 6
"324" 21.2170492503137 37.2170795640392 -1.03755405279166 -1.06855405279165 -1.00755405279165 6
"325" 19.6338611282069 37.2837311282069 -0.823531616665735 -0.908531616665737 -0.736531616665737 1
"326" 20.3349459316162 37.3168320989899 -1.05192859712393 -1.09292859712393 -1.01092859712393 3
"327" 18.7378357191803 37.7503919672131 -1.0230187030664 -1.1230187030664 -0.924018703066402 5
"328" 20.93355024 37.1838966036364 -1.01512598841742 -1.14212598841742 -0.888125988417425 1
"329" 20.3338134858896 37.3168470785276 -1.06814272974351 -1.13414272974351 -1.00314272974351 2
"330" 18.4465340799373 38.4378081350784 -1.02647573849468 -1.07447573849468 -0.978475738494677 6
"331" 21.7506867716437 36.883913475872 -0.668795924193631 -0.707795924193629 -0.62979592419363 5
"332" 20.5839622435666 37.3337104500512 -1.2275498380132 -1.2655498380132 -1.1895498380132 5
"333" 18.817523527883 38.1339701406407 -1.09383397455659 -1.13883397455659 -1.04883397455659 5
"334" 21.0004498676471 37.3005176397059 -1.05924827339082 -1.13524827339082 -0.984248273390822 2
"335" 18.4543387328281 38.4340204183258 -0.986336460036818 -1.02033646003682 -0.952336460036818 6
"336" 21.000486754717 37.3005283773585 -0.732693715260882 -0.890693715260884 -0.566693715260882 1
"337" 21.7668390792308 36.8838309207692 -0.877693434694694 -0.986693434694693 -0.766693434694695 1
"338" 21.2008477358491 37.2170505056604 -0.924071015926392 -1.05907101592639 -0.78707101592639 1
"339" 21.5001893037475 36.9669474263708 -0.928810137910718 -0.969810137910716 -0.886810137910715 5
"340" 21.7667668675444 36.8838405584911 -1.06264500435382 -1.10964500435382 -1.01564500435381 4
"341" 18.8173463588636 38.1337860729545 -1.02664922498955 -1.16864922498955 -0.885649224989546 1
"342" -12.1968134661199 123.130554752366 -1.01806180320108 -1.03006180320108 -1.00606180320108 16
"343" -12.2368022527948 122.995116996361 -1.09619853952238 -1.11119853952238 -1.08119853952238 18
"344" -12.2483443855566 123.151704319569 -1.08066854195011 -1.09666854195011 -1.06466854195011 15
"345" -12.2928871094449 123.021486011454 -1.0968382519117 -1.1128382519117 -1.0808382519117 11
"346" -12.2234245928102 122.985872023462 -1.03103333822174 -1.04203333822174 -1.02103333822173 17
"347" -12.237976133931 123.004454628955 -1.16458264738691 -1.18258264738691 -1.14658264738691 19
"348" -12.2578160435196 122.948437656735 -1.03352262040363 -1.04452262040363 -1.02252262040363 10
"349" -12.2264933096935 123.012961725415 -1.04127420986436 -1.05727420986436 -1.02527420986436 19
"350" 18.7501259977528 37.7502953101124 -1.06409259754177 -1.10309259754176 -1.02509259754176 6
"351" 18.9668082833099 37.7002503028169 -0.759382605163823 -0.847382605163823 -0.668382605163821 3
"352" 18.7341426388184 37.7503963285303 -0.980963879674076 -1.02296387967407 -0.938963879674073 4
"353" 21.2007832459459 37.2170975702162 -1.04983993386055 -1.08983993386055 -1.00983993386055 5
"354" 19.933728833137 37.4001826206116 -1.19328495026409 -1.22228495026409 -1.16528495026409 6
"355" 20.2175284982037 37.3008091768034 -1.1842212718437 -1.2212212718437 -1.1472212718437 6
"356" 19.3002540054348 37.7004626413043 -1.04347142334268 -1.08247142334268 -1.00447142334268 6
"357" 18.6921127099605 37.7505787075099 -0.861866030367014 -0.929866030367013 -0.792866030367016 5
"358" 19.2002398064993 38.0008038833087 -1.14116111160118 -1.17416111160119 -1.10816111160118 6
"359" 19.1370074308178 37.6008826728972 -1.03688695091092 -1.07988695091092 -0.993886950910923 4
"360" 19.5170034823901 37.3174873807418 -1.16447664480308 -1.20147664480308 -1.12847664480308 4
"361" 20.8342047190966 37.2834694979128 -0.87083433293202 -0.927834332932019 -0.81283433293202 4
"362" 19.2338859469417 37.7006172731152 -1.14558003065792 -1.17958003065792 -1.11158003065792 6
"363" 21.0335610299512 37.3345905078049 -1.11598446333255 -1.18198446333255 -1.05098446333255 4
"364" 18.8675910234454 37.7508303501401 -1.08149859404765 -1.12749859404765 -1.03649859404765 6
"365" 18.7340630024031 38.488052519845 -0.838572646094424 -0.916572646094423 -0.758572646094422 4
"366" 18.7984954912639 38.1669224196009 -1.17911639463785 -1.21411639463784 -1.14511639463785 6
"367" 19.134243427 37.6168835618889 -1.10482801877807 -1.20682801877807 -1.00482801877806 2
"368" 18.7338949761644 38.5000136986301 -1.13624243485968 -1.25524243485968 -1.02024243485968 2
"369" 19.200897302521 37.6672919748109 -1.19386971934905 -1.22886971934905 -1.15986971934905 6
"370" 20.3338079401116 37.316885443817 -1.07095287440849 -1.11195287440849 -1.02995287440849 6
"371" 20.8841696625 37.2334204479348 -1.01668022162585 -1.07768022162585 -0.956680221625852 5
"372" 21.5004174708249 36.9673214737827 -1.25774793519789 -1.29574793519789 -1.21974793519789 6
"373" 21.000475155 37.30077974 -1.17196468007677 -1.23196468007677 -1.11296468007677 4
"374" 18.4340834061765 38.4501649754902 -1.07036295435412 -1.13736295435412 -1.00436295435412 4
"375" 21.7508763809524 36.8835111615238 -0.944192919636215 -0.998192919636214 -0.889192919636216 5
"376" 18.5416593324793 38.4341878944628 -1.07264574995078 -1.15264574995078 -0.99364574995078 2
"377" 18.7341882700682 38.4893691003138 -1.17924572434336 -1.21524572434336 -1.14424572434336 4
"378" 19.9220829382002 37.4006036746872 -1.10631060534853 -1.12231060534852 -1.09031060534852 9
"379" 18.6841178771311 37.75055 -1.01534018957692 -1.09734018957692 -0.933340189576917 1
"380" 20.9273489148733 37.273656087357 -0.989868406592456 -1.01086840659246 -0.968868406592456 12
"381" 18.6837843172 37.7506243866667 -0.996780917706784 -1.11178091770678 -0.880780917706783 2
"382" 19.2009623793103 37.9756981606466 -0.946724187035798 -0.997724187035796 -0.895724187035796 2
"383" 20.8366010976934 37.2244926361465 -1.09059809049548 -1.11859809049548 -1.06259809049548 11
"384" 18.4657891959569 38.4338880168733 -1.13622897418718 -1.18022897418718 -1.09222897418718 4
"385" 20.9335359514483 37.1909460962759 -0.934818008902546 -1.01581800890255 -0.852818008902545 6
"386" 19.4971479269286 37.5057992819464 -1.00902371270841 -1.04402371270841 -0.974023712708409 5
"387" 18.8825771601875 37.75042935 -1.105798683229 -1.169798683229 -1.042798683229 5
"388" 18.450629973545 38.4340449251323 -0.976089928939025 -1.01608992893902 -0.936089928939026 5
"389" 19.6337340448657 37.2837733955224 -0.990865870957243 -1.03486587095724 -0.945865870957242 4
"390" 20.5840147585862 37.3340231387931 -1.17133146158742 -1.20333146158742 -1.13933146158742 6
"391" 18.7501930135593 37.7502885220339 -0.928763376807175 -0.987763376807177 -0.868763376807177 2
"392" 19.2338866943777 37.7006391759657 -1.07113346619887 -1.13513346619887 -1.00713346619887 2
"393" 18.8672721691964 37.4671921602679 -0.943097643193543 -1.01109764319354 -0.875097643193541 2
"394" 18.8837040025862 37.4334170887931 -0.89360921774839 -0.97060921774839 -0.814609217748391 2
"395" 19.137236333418 37.6103193110854 -0.961899087214394 -1.00089908721439 -0.922899087214393 6
"396" 21.5003386995305 36.9672749944601 -1.05412100817723 -1.08312100817723 -1.02512100817723 6
"397" 20.1832567868564 37.2997816481752 -1.07108693350264 -1.09308693350264 -1.04908693350264 7
"398" 18.8004021247637 38.1507188090737 -1.07774402061429 -1.11174402061429 -1.04474402061429 4
"399" 18.9174320510497 37.7008205745856 -0.586913745541378 -0.681913745541376 -0.487913745541377 2
"400" 19.26568525 37.8039628017241 -1.01873888238621 -1.07173888238621 -0.965738882386212 3
"401" 21.2109107804608 37.2171398351613 -0.982374978511614 -1.04437497851162 -0.920374978511614 4
"402" 19.2071435219048 37.6673170694286 -0.97791556507806 -1.06191556507806 -0.893915565078061 2
"403" 19.5172833359664 37.3173912771429 -0.800080571870604 -0.892080571870604 -0.705080571870607 2
"404" 21.7667211400374 36.8838447029533 -1.2193070817576 -1.25230708175761 -1.18730708175761 5
"405" 19.2002477714286 38.0007607428571 -1.10644185971595 -1.29844185971595 -0.918441859715951 1
"406" 19.3000920352423 37.7004096211454 -1.13624958608264 -1.20024958608264 -1.07324958608264 2
"407" 18.9672274248 37.7000384533333 -1.04049248283387 -1.15249248283387 -0.929492482833869 1
"408" -7.24688905033074 72.4431462582686 -1.05963488788425 -1.07763488788425 -1.04163488788425 10
"409" -7.39113337390351 72.4452913669591 -1.1144618682455 -1.13346186824549 -1.09646186824549 10
"410" -7.37971680733945 72.4604819266055 -1.02529045201002 -1.11929045201002 -0.931290452010018 1
"411" -6.64462834418949 71.3423023488774 -1.05883348721194 -1.07283348721193 -1.04483348721194 16
"412" -5.36927537922078 71.9657175815296 -1.04027765172897 -1.05427765172897 -1.02627765172897 8
"413" -5.43157186405724 71.7594477167509 -1.02883259757499 -1.04083259757499 -1.01683259757499 18
"414" -5.4379419761236 71.8231335627341 -1.03144377730125 -1.04344377730125 -1.01944377730125 20
"415" -5.29647771731449 71.9679451413428 -1.02951046801057 -1.04051046801057 -1.01851046801057 18
"416" -5.29951527120908 71.9754956513026 -1.0436198397338 -1.0576198397338 -1.0306198397338 7
"417" -7.35939801194743 72.4434283751493 -1.20836878179179 -1.23736878179179 -1.18036878179179 5
"418" -7.38923234 72.4626221666667 -0.794158102201274 -0.943158102201274 -0.642158102201272 2
"419" -7.33562854665542 72.4574670095559 -1.1384308288132 -1.1574308288132 -1.1204308288132 11
"420" -7.41191218707483 72.4304563038549 -1.04485092209743 -1.08285092209744 -1.00685092209743 7
"421" -5.31017417118437 72.2506823345543 -1.06487218044776 -1.07587218044776 -1.05387218044777 20
"422" -5.33607076473234 72.2309504003599 -0.910338046307191 -0.929338046307191 -0.890338046307193 17
"423" -6.16275868137596 71.5349658252259 -1.1061637197558 -1.1121637197558 -1.1001637197558 14
"424" -5.3249892625 72.2417246875 -0.971032298989006 -0.991032298989005 -0.951032298989006 18
"425" -5.43605300271739 71.7552643240489 -1.01211922564558 -1.02111922564558 -1.00311922564558 7
"426" -5.40119838105727 71.9094026284875 -1.03486812534632 -1.04286812534632 -1.02686812534632 17
"427" -5.43705239554318 71.8236994846797 -1.08982421654901 -1.10082421654901 -1.07882421654901 18
"428" -5.30663238426821 71.9734737859445 -1.11849157429301 -1.12449157429301 -1.11249157429301 14
"429" -6.18891391147245 71.3398830201747 -0.966694592132338 -0.975694592132339 -0.957694592132338 16
"430" -5.31772344036697 72.242391983945 -1.06816822792875 -1.08516822792875 -1.05116822792875 17
"431" -5.29911166773779 71.9678803084833 -1.09137754096006 -1.09937754096006 -1.08337754096006 19
"432" -5.43912952680344 71.7635698941099 -1.08577681260123 -1.09377681260123 -1.07777681260123 18
"433" -5.28865910701107 71.9745138868389 -1.14934534255224 -1.15834534255224 -1.14034534255224 9
"434" -6.64256751937984 71.3471746434109 -0.978773842886716 -0.992773842886717 -0.964773842886718 13
"435" -6.64026018678161 71.3359369109195 -1.04549614347165 -1.06449614347165 -1.02649614347165 8
"436" -5.25314194726166 71.8001586663286 -1.03553828872897 -1.04553828872896 -1.02553828872896 16
"437" -17.1050912002861 119.656338675588 -1.11765713095104 -1.13165713095104 -1.10365713095104 16
"438" -17.3425161125184 119.383884128925 -1.15575877195369 -1.17175877195369 -1.13975877195369 19
"439" -17.0372109109852 119.621880945455 -1.09497205354936 -1.10797205354935 -1.08197205354935 17
"440" -17.2766107010629 119.372896864064 -1.14105237041217 -1.15605237041218 -1.12605237041218 11
"441" -12.2191604779412 123.007196599265 -1.13920827417377 -1.14920827417377 -1.12920827417377 19
"442" -12.2009557082107 123.12955027805 -1.09180906721631 -1.10180906721631 -1.08180906721631 19
"443" -12.2784159324943 123.004999113272 -1.04595733649212 -1.05395733649211 -1.03795733649212 19
"444" -12.1975504125737 123.02614848723 -1.06556704122196 -1.07656704122196 -1.05456704122196 18
"445" -12.2936066159696 123.099944942966 -1.08060954440083 -1.09360954440082 -1.06760954440082 20
"446" -12.2280441563322 122.95919485156 -1.1121251106444 -1.1211251106444 -1.1031251106444 17
"447" -12.0917408083436 96.874541548055 -0.925490060514623 -0.937490060514623 -0.913490060514622 15
"448" -12.1148148508243 96.8772243241958 -1.09555818214536 -1.10955818214536 -1.08155818214536 12
"449" -12.0954522118367 96.8569011157421 -1.01669687644216 -1.03469687644216 -0.998696876442157 17
"450" -12.1333000512725 96.8631881182593 -0.99990871602211 -1.01490871602211 -0.984908716022108 16
"451" -12.1053009676763 96.8524788012019 -1.00105598315986 -1.02305598315986 -0.979055983159856 16
"452" -12.1566816172651 96.8667929249687 -1.16395905570052 -1.19395905570052 -1.13395905570052 9
"453" -12.1349306300424 96.8413519692797 -1.06940958415502 -1.10640958415502 -1.03240958415502 7
"454" -12.1273142805832 96.8814376169762 -1.13909184263745 -1.17509184263745 -1.10309184263745 11
"455" -12.1576467685039 96.8401628188976 -1.06126207451625 -1.08126207451625 -1.04126207451625 17
"456" -12.1298803151282 96.8303112911966 -0.93614803928647 -0.981148039286467 -0.890148039286469 18
"457" -26.1475609283333 113.196946489583 -1.14496261816175 -1.19296261816175 -1.09896261816175 7
"458" -26.0120013384112 113.123260888569 -1.07664132548701 -1.09064132548701 -1.06264132548701 18
"459" -26.1839331497152 113.187916912513 -1.07381867396397 -1.09181867396397 -1.05681867396397 13
"460" -26.4349960590382 113.327158835178 -1.08402639460364 -1.10402639460364 -1.06402639460364 25
"461" -35.0616021954562 116.300108135237 -0.983277555548764 -1.01027755554876 -0.956277555548763 26
"462" -34.9879719043227 116.401603043775 -1.10565765410713 -1.12265765410713 -1.08965765410712 43
"463" -35.0582842799931 116.323618699913 -1.0195840473859 -1.0395840473859 -0.999584047385898 51
"464" -35.0087744620233 116.377089221928 -1.02407924772575 -1.04607924772575 -1.00207924772575 34
"465" -33.5260484375 115.010462890625 -1.16398330243221 -1.21798330243221 -1.11098330243221 5
"466" -34.0956511964736 114.964034571788 -1.11132429952691 -1.12632429952691 -1.09632429952691 35
"467" -33.5341681672026 115.003460289389 -1.06680992234521 -1.09180992234521 -1.04180992234521 12
"468" -33.5209353773585 115.009440330189 -1.03084766833596 -1.06284766833596 -0.998847668335962 8
"469" -33.4998760636423 115.009519421034 -1.09320483002602 -1.11020483002602 -1.07620483002602 40
"470" -33.6446070403254 114.982402799784 -1.07465652315343 -1.08965652315343 -1.05965652315342 50
"471" -33.5378027272727 114.99826 -1.03424386061499 -1.061243860615 -1.007243860615 10
"472" -33.5280110849057 115.006204775943 -0.998980040566525 -1.01098004056653 -0.986980040566525 30
"473" -33.7087261884669 114.966237791842 -1.03923448889919 -1.06023448889919 -1.01823448889919 17
"474" -33.5393883127803 114.998817926009 -1.10469092333678 -1.12569092333678 -1.08369092333677 18
"475" -34.0938950196519 114.96557381808 -1.20372331717138 -1.22172331717139 -1.18572331717138 35
"476" -34.3840511191099 115.095243147906 -1.10997245181805 -1.12397245181805 -1.09597245181805 35
"477" -33.6662599439776 114.988169495798 -0.964969477097152 -1.00296947709715 -0.926969477097153 8
"478" -33.5673476976744 115.007680906977 -1.04717999933596 -1.07717999933596 -1.01817999933596 13
"479" -33.5026354399773 115.008384961025 -1.01112302463198 -1.02312302463198 -0.999123024631977 51
"480" -33.6168602216714 114.970217955184 -1.00396331316481 -1.0169633131648 -0.990963313164805 30
"481" -33.492328684129 115.009649874839 -1.14847427809746 -1.19147427809746 -1.10647427809746 10
"482" -33.6325926655128 115.269700822155 -1.58315272389314 -1.61115272389313 -1.55515272389314 42
"483" -33.6157352680653 115.389104079254 -1.67677508141774 -1.75177508141774 -1.60477508141775 8
"484" -33.5903056211454 115.388712026432 -1.3514864269496 -1.38048642694961 -1.32248642694961 32
"485" -33.6201282666667 115.175288419048 -1.33259361318001 -1.36559361318001 -1.30059361318001 38
"486" -33.5817670800451 115.191353664036 -1.22612872437437 -1.25912872437437 -1.19312872437437 17
"487" -33.5331956409736 115.070245057471 -1.10257204945208 -1.12357204945208 -1.08157204945208 27
"488" -33.6835089242211 114.940020697889 -0.956293898448218 -0.973293898448219 -0.93929389844822 26
"489" -33.5197598030204 115.001160288903 -1.08928969717161 -1.10328969717161 -1.07528969717161 32
"490" -33.5354290065041 114.996004389431 -1.07456026167344 -1.09356026167344 -1.05556026167344 30
"491" -33.6830436118286 114.973834742652 -1.03202599788843 -1.04502599788843 -1.01902599788843 44
"492" -33.6654296969697 114.97701 -1.0413576552992 -1.0873576552992 -0.995357655299202 8
"493" -34.0611259901599 121.999853210332 -1.17255192491165 -1.20355192491164 -1.14155192491165 24
"494" -34.0573327722772 121.953315412541 -1.05172457635044 -1.08172457635045 -1.02172457635044 24
"495" -34.0406461577608 122.010364656489 -1.01060988510938 -1.03560988510938 -0.98560988510938 24
"496" -34.0665618904824 122.008655932203 -1.11640825512936 -1.14740825512936 -1.08540825512936 21
"497" -34.058184030303 121.865939939394 -1.05159258900483 -1.07859258900483 -1.02459258900483 24
"498" -34.0273153187919 122.020918255034 -1.22546122358885 -1.26846122358885 -1.18346122358885 15
"499" -34.0233130670103 121.966140412371 -1.19134123180958 -1.24534123180958 -1.13834123180958 14
"500" -34.0570252986513 121.988446878613 -1.13245980396585 -1.17045980396585 -1.09445980396585 23
"501" -34.0445487946429 121.975832209821 -1.00178013224972 -1.02478013224972 -0.978780132249721 30
"502" -34.0612142962963 121.922020666667 -1.19496751132152 -1.24696751132152 -1.14396751132152 22
"503" -34.0299486252772 121.983583702882 -1.40555051877549 -1.46155051877549 -1.35155051877549 12
"504" -32.0358861284404 115.389017798165 -1.2230249819619 -1.23702498196189 -1.2090249819619 47
"505" -31.9806240917108 115.483562962963 -1.07273347728584 -1.08273347728584 -1.06273347728584 42
"506" -32.0300450584795 115.462694853801 -1.12932652781567 -1.14032652781567 -1.11832652781567 48
"507" -32.0278269788183 115.516101560758 -1.16924171496185 -1.19424171496184 -1.14524171496184 11
"508" -31.9830694472362 115.422144924623 -1.23318529702401 -1.25418529702401 -1.213185297024 21
"509" -32.0303387362637 115.495236126374 -1.17772229303857 -1.20472229303857 -1.15072229303857 17
"510" -31.9838629032258 115.38556344086 -1.06730264960387 -1.13330264960386 -1.00230264960386 14
"511" -34.1994734833069 119.58419332509 -1.15501700983561 -1.16401700983561 -1.14601700983561 34
"512" -34.2358605280775 119.666640064891 -1.18381958703327 -1.19281958703327 -1.17481958703327 51
"513" -34.1761109544361 119.625222272605 -1.2046529609143 -1.2126529609143 -1.1966529609143 63
"514" -34.2503446863566 119.695364249867 -1.09526579438777 -1.10826579438777 -1.08226579438777 35
"515" -35.0025945042474 118.219855162717 -1.08399818064934 -1.10599818064934 -1.06199818064934 36
"516" -34.9566822908929 118.207436348288 -1.25557404584932 -1.28457404584931 -1.22757404584932 27
"517" -35.0183646669555 118.151867580905 -0.996180949541569 -1.02718094954157 -0.965180949541569 18
"518" -34.9645525374254 118.256583143351 -1.00706584851654 -1.03006584851654 -0.984065848516543 32
"519" -35.0512174377723 118.169129670431 -0.987189584251426 -1.01818958425142 -0.956189584251426 20
"520" -34.0968840560274 114.958341424527 -1.48786470287361 -1.50886470287362 -1.46686470287361 30
"521" -33.6438445595769 114.98778529995 -1.05549345198703 -1.06849345198703 -1.04249345198703 47
"522" -33.5377807185629 114.999635778443 -1.06567534885787 -1.08867534885787 -1.04267534885787 17
"523" -34.0184800200105 123.384778836667 -1.14563015622066 -1.16663015622067 -1.12463015622066 53
"524" -33.9822135692559 123.324463333323 -1.15367373147731 -1.18867373147731 -1.11867373147731 22
"525" -34.0098669900539 123.331128063616 -1.08874357629864 -1.11074357629864 -1.06674357629864 51
"526" -34.0667508609561 123.307430889505 -1.10751367775141 -1.14351367775141 -1.07151367775141 41
"527" -34.0936663265306 114.964109336735 -1.11331957347362 -1.12831957347363 -1.09831957347362 35
"528" -33.6911142515924 114.974749283439 -1.02225972308183 -1.03825972308183 -1.00625972308183 35
"529" -33.5332184560781 115.003699511979 -1.02853121108045 -1.03953121108045 -1.01753121108045 35
"530" -34.3862638457008 115.098596431095 -1.08056689316206 -1.09356689316206 -1.06756689316206 34
"531" -30.2176062977354 114.660072377627 -1.09017854161626 -1.10917854161626 -1.07117854161626 36
"532" -30.2213894914717 114.676010178168 -1.09848951755165 -1.17148951755165 -1.02648951755165 6
"533" -34.0920075088732 123.168409473872 -1.21863934133884 -1.22863934133884 -1.20863934133884 20
"534" -34.3608864081908 123.539347286572 -1.15789349499035 -1.17389349499035 -1.14189349499035 17
"535" -34.0790495023545 123.206105330586 -1.11063443876583 -1.13063443876583 -1.09063443876583 15
"536" -34.3448391541732 123.55293471448 -1.12889390000891 -1.13889390000891 -1.11889390000891 20
"537" -34.1100936843528 123.163065684519 -1.21937150450755 -1.23537150450755 -1.20337150450755 20
"538" -34.3471206508916 123.560958052054 -1.20498786118384 -1.23198786118385 -1.17898786118385 8
"539" -34.0499403482563 121.989054891106 -1.04469555239487 -1.06169555239487 -1.02769555239487 18
"540" -34.0014497632876 122.238237905742 -1.05029246634617 -1.06529246634618 -1.03529246634617 18
"541" -34.0371684104944 121.98222581087 -1.15458035812474 -1.16458035812474 -1.14458035812474 20
"542" -34.0396378024573 122.001083173444 -1.27190298541087 -1.28490298541087 -1.25890298541087 20
"543" -32.0222268436364 115.460263709091 -1.07695131115455 -1.09295131115455 -1.06095131115455 21
"544" -32.0240193984713 115.51890558325 -1.14056474308253 -1.15256474308253 -1.12856474308253 26
"545" -31.9890874515648 115.530992372578 -1.05587835863554 -1.06487835863554 -1.04687835863554 43
"546" -32.0324185051539 115.424223961253 -1.04444247892998 -1.05544247892998 -1.03344247892998 62
"547" -31.9814431466445 115.456348818968 -1.02528798889268 -1.03928798889268 -1.01128798889268 43
"548" -32.01738 115.508458583691 -1.27477068134801 -1.33777068134801 -1.21377068134801 4
"549" -33.7042511658031 114.966054145078 -1.18307873239141 -1.21107873239141 -1.15507873239141 17
"550" -33.5196301075269 115.019026702509 -1.12355326299013 -1.15555326299013 -1.09155326299013 13
"551" -33.5340876216968 114.998240055633 -1.03395219805269 -1.05895219805269 -1.00895219805269 19
"552" -33.6567473509934 114.984241887417 -1.03688464095058 -1.06388464095059 -1.00988464095058 14
"553" -31.4090113075642 115.426009304821 -1.14109774857544 -1.15209774857544 -1.13009774857544 59
"554" -33.8524404634605 124.139236654724 -1.06994903978754 -1.08594903978754 -1.05494903978754 19
"555" -33.755408834613 124.130309018641 -0.965653379305953 -0.988653379305951 -0.941653379305951 17
"556" -33.7213952831203 124.130336922005 -1.09916086771208 -1.13016086771208 -1.06916086771208 15
"557" -33.860989967907 124.134217394379 -1.32557909765041 -1.34257909765041 -1.30857909765041 18
"558" -33.7387269727179 124.090195053879 -1.16782530215299 -1.18982530215299 -1.14582530215299 10
"559" -33.8479726214125 124.131659380242 -1.15116771096333 -1.17116771096333 -1.13216771096333 16
"560" -12.5458417557834 124.033217949678 -1.01393442180896 -1.02193442180896 -1.00593442180897 24
"561" -12.8830983499577 124.340514189349 -0.94877721285593 -0.955777212855928 -0.941777212855929 24
"562" -12.8034619045643 124.277160169433 -1.0154104894993 -1.0244104894993 -1.0064104894993 24
"563" -20.328859733564 166.204757086505 -0.993742741855494 -1.0287427418555 -0.958742741855495 5
"564" -18.8639970777778 163.424530077778 -0.976829058196153 -1.02482905819615 -0.92882905819615 3
"565" -19.8625255791506 158.380542181467 -0.975672476686209 -1.01667247668621 -0.93467247668621 4
"566" -19.4443635230769 163.251108053846 -0.897256311568154 -0.959256311568154 -0.833256311568153 4
"567" -19.8984449175258 158.37302207732 -1.00801437900907 -1.05401437900907 -0.962014379009073 4
"568" -19.8928409109948 158.409876172775 -1.03400262076113 -1.08400262076113 -0.985002620761133 4
"569" -19.8753392539683 158.34898542328 -1.14729146994428 -1.20529146994428 -1.09029146994428 3
"570" -19.3568570528053 163.204823122112 -0.948053255860093 -0.981053255860093 -0.914053255860093 4
"571" -19.7185653076923 165.589409171946 -0.968524116180696 -1.00852411618069 -0.928524116180697 3
"572" -19.7649120921053 165.601014457237 -0.924942011331863 -0.957942011331866 -0.891942011331864 4
"573" -19.874894097561 165.521045370732 -0.91681746444055 -0.960817464440552 -0.87181746444055 4
"574" -18.8736605016949 163.438413566102 -1.12846627361083 -1.16446627361083 -1.09246627361083 4
"575" -19.85555275 165.572786357143 -0.925722590386592 -0.97672259038659 -0.873722590386592 3
"576" -19.9081183864734 158.455751690821 -1.02444687650193 -1.05444687650193 -0.994446876501925 4
"577" -19.053115559322 163.680823728814 -1.02791800238981 -1.06891800238981 -0.98691800238981 2
"578" -19.0173803518519 163.597094981481 -0.961068934200213 -1.12106893420021 -0.800068934200212 2
"579" -19.8683249968553 165.838584496855 -0.979032969819548 -1.00903296981955 -0.949032969819548 4
"580" -19.8474240362538 165.842095006042 -1.06826117851559 -1.10126117851559 -1.03526117851559 4
"581" -19.2498908611111 163.12913725 -1.01632681970447 -1.10732681970448 -0.926326819704475 4
"582" -19.1315453658537 163.688543085366 -1.08343585582074 -1.16543585582074 -1.00343585582074 2
"583" -18.895517 163.4555 -0.557497713891997 -0.933497713891999 -0.146497713891996 1
"584" -20.3961681351351 166.141520513514 -1.21134331538123 -1.36034331538124 -1.07134331538123 1
"585" -23.6342143809524 -178.93219047619 -1.04455814180406 -1.10555814180406 -0.984558141804062 3
"586" -23.6285683597884 -178.935744761905 -1.09211165350467 -1.13311165350467 -1.05211165350467 7
"587" -23.9387076190476 -179.107938412698 -1.15409812635079 -1.25109812635079 -1.06109812635079 6
"588" -23.9243366666667 -179.124506074074 -1.10562776452887 -1.16562776452886 -1.04662776452886 6
"589" -22.5927228318584 -176.918558230089 -1.09646732234627 -1.14246732234627 -1.05146732234627 3
"590" -22.331705 -176.203763448276 -1.07002588445697 -1.14302588445696 -0.998025884456965 2
"591" -23.6505430769231 -178.893566923077 -0.878945957510208 -1.03894595751021 -0.711945957510206 4
"592" -23.9380443103448 -179.14403862069 -1.04034040024816 -1.10534040024816 -0.975340400248161 4
"593" -7.34201618717228 72.4545864684821 -1.0603499862484 -1.1013499862484 -1.0193499862484 7
"594" -7.39030771484638 72.4512107909103 -0.939403920466266 -0.983403920466266 -0.894403920466264 9
"595" -5.3326779505396 72.2306294404666 -0.997415322347677 -1.01041532234768 -0.984415322347676 15
"596" -7.25004377486522 72.4472167499427 -1.1185527013016 -1.1455527013016 -1.0915527013016 7
"597" -7.25349823529157 72.4014942155528 -1.16295846980681 -1.18095846980681 -1.14495846980681 12
"598" -7.40514735256335 72.4314578752214 -1.04368425580088 -1.07168425580088 -1.01568425580088 10
"599" -7.23198770791284 72.4356474053617 -1.08687405408836 -1.10287405408836 -1.07087405408836 3
"600" -7.22634083470279 72.4203202094209 -1.08215800326987 -1.10815800326987 -1.05715800326987 3
"601" -7.33259707078928 72.4533610779483 -1.19562747337126 -1.24162747337126 -1.15162747337126 8
"602" -6.65190742655478 71.3560624294705 -1.17964118733286 -1.19564118733286 -1.16364118733286 13
"603" -5.25111865214564 71.7937975233254 -1.03628850912489 -1.04628850912489 -1.02628850912489 15
"604" -6.63764658669786 71.3376301087574 -1.08083257867983 -1.09183257867983 -1.06983257867984 12
"605" -5.30735909039872 71.9743535852252 -0.993903031562252 -1.00090303156225 -0.98690303156225 16
"606" -5.42997888344036 71.8272963972338 -1.13124587263183 -1.13824587263183 -1.12524587263183 14
"607" -5.25161756086872 71.8096785702188 -1.13972628589862 -1.16972628589862 -1.10972628589862 4
"608" -5.4202653730586 71.7565553291853 -0.97586941631875 -1.01686941631875 -0.93386941631875 9
"609" -5.31549339968031 72.2518734089099 -1.12552689691362 -1.18052689691362 -1.07152689691362 5
"610" -7.39116566877376 72.4450497598707 -1.05487842829256 -1.11987842829256 -0.990878428292561 3
"611" -5.27901255139949 71.9679382723989 -1.03615205666182 -1.05815205666181 -1.01415205666181 16
"612" -5.25270801822157 71.7977561054422 -1.1338544260065 -1.1448544260065 -1.1228544260065 18
"613" -7.14820527470356 72.1272255599473 -0.996840598449842 -1.01884059844984 -0.974840598449841 10
"614" -6.11477769730185 71.5093425969646 -1.08346504402843 -1.10246504402843 -1.06446504402843 12
"615" -5.34655652584016 71.8070464435659 -1.19209564393285 -1.20309564393284 -1.18109564393285 12
"616" -5.30755686310118 71.9747920381827 -1.18703342150314 -1.19703342150314 -1.17703342150314 12
"617" -5.53603864685616 72.2286255749354 -1.08689600663757 -1.09989600663756 -1.07389600663756 7
"618" -6.20628292073018 71.3257674793698 -1.10047344922867 -1.11647344922866 -1.08547344922867 15
"619" -6.11472092720306 71.5100132024266 -1.07152273283244 -1.09052273283244 -1.05252273283244 12
"620" -5.43852945590829 71.7787710934744 -1.17526440659164 -1.20126440659164 -1.14926440659164 10
"621" -5.53724187394958 72.229472605042 -1.10335681016063 -1.12235681016063 -1.08435681016063 9
"622" -5.31845387243427 72.229778461408 -1.2421046267514 -1.2581046267514 -1.2261046267514 8
"623" -6.39943061492338 71.2507077881412 -1.21316459230803 -1.23016459230803 -1.19616459230803 11
"624" -5.31868070929241 72.2437975618073 -1.14557521697746 -1.18557521697746 -1.10657521697746 9
"625" -5.32753371985816 72.2420446808511 -1.03174637546737 -1.11374637546738 -0.950746375467375 4
"626" -7.2749525 72.3837570909091 -1.26898509510615 -1.42198509510614 -1.12598509510615 3
"627" -21.993829050834 -136.189821076251 -1.35763363117881 -1.37363363117881 -1.34163363117881 6
"628" -18.1032820682303 -141.073026098081 -1.10866381976607 -1.13666381976606 -1.08066381976607 4
"629" -18.7187408770161 -141.871356814516 -1.29694285240903 -1.32194285240903 -1.27294285240903 6
"630" -21.481409603352 -135.641359298883 -1.15070268359361 -1.18170268359361 -1.11970268359361 4
"631" -19.6289757850071 -140.436793833098 -1.34268690264458 -1.37368690264458 -1.31268690264458 3
"632" -21.3284063119835 -136.539575717975 -1.42858940593658 -1.44958940593658 -1.40858940593658 6
"633" -20.8003225778331 -138.575136500623 -1.28937835197175 -1.31837835197175 -1.26137835197175 4
"634" -21.446527582846 -136.402283684211 -1.57230081387178 -1.60230081387178 -1.54330081387178 6
"635" -19.1221170758123 -140.722849590854 -1.26221787369688 -1.28821787369688 -1.23721787369688 4
"636" -21.3175087893762 -136.658738956146 -1.68974409682677 -1.72374409682676 -1.65674409682676 6
"637" -21.48599 -135.645057093023 -1.17937070055518 -1.22837070055518 -1.13137070055518 2
"638" -32.0473114905269 115.419704718592 -1.0505715915254 -1.0655715915254 -1.03657159152541 36
"639" -31.9795139454688 115.482196141874 -1.05669517763007 -1.06869517763007 -1.04469517763006 29
"640" -31.9822459917739 115.418558942737 -1.12626740829811 -1.13926740829811 -1.11326740829811 45
"641" -32.0358940298258 115.458223956954 -0.996411072763369 -1.00541107276337 -0.987411072763368 48
"642" -28.8376000823735 113.946722281797 -1.0987250875699 -1.1077250875699 -1.0897250875699 32
"643" -28.7342704303788 114.003438424397 -1.10386797647266 -1.11186797647266 -1.09586797647266 44
"644" -28.8503944122582 113.902770197691 -1.18760098705076 -1.21060098705076 -1.16560098705076 22
"645" -28.8119609484587 113.948898842587 -0.997688424740072 -1.01068842474007 -0.984688424740071 20
"646" -28.7855546478054 113.971696500075 -1.25946875803082 -1.27546875803082 -1.24346875803082 38
"647" -28.6722594633427 113.903341506238 -1.11461687572187 -1.12661687572187 -1.10261687572187 36
"648" -28.8160665534351 113.955481494911 -1.01048161263724 -1.02648161263724 -0.994481612637241 27
"649" -28.8381875727944 113.917129710995 -1.16469339751813 -1.19169339751813 -1.13769339751812 9
"650" -26.1541544502618 113.1946991274 -1.02613241425965 -1.06013241425966 -0.993132414259655 9
"651" 63.7772162740656 8.62411555385829 -0.49657773556117 -0.76557773556117 -0.206577735561172 8
"652" 63.81653135661 8.8127137353933 -1.07549907466978 -1.26549907466978 -0.888499074669781 8
"653" 63.7951853896765 8.63298658824194 -0.428882370388304 -0.697882370388303 -0.112882370388306 8
"654" 63.5412380670701 8.37914933262665 0.25864062856739 -0.218359371432609 0.833640628567391 7
"655" 63.8541036293891 8.53246887251486 -0.493125041147404 -0.663125041147403 -0.304125041147405 12
"656" -31.5556079921163 115.276111983247 -1.131323819534 -1.148323819534 -1.114323819534 49
"657" -31.7104315294668 115.350210431868 -1.13175069374527 -1.14475069374527 -1.11875069374527 40
"658" 63.6171508405242 8.5073386313437 -0.775351255845018 -0.894351255845017 -0.650351255845017 15
"659" 64.0078753079262 9.08877705691921 -0.714680917714458 -0.842680917714457 -0.578680917714458 13
"660" 63.9621478519593 8.98360171661781 -1.39712825328577 -1.50812825328577 -1.29312825328577 11
"661" 63.6375247636182 8.61539952597016 -1.0179594600903 -1.1109594600903 -0.925959460090304 13
"662" 63.7852529373859 8.93241322362745 -0.894187974140944 -1.04418797414094 -0.742187974140943 11
"663" 63.8239963569723 8.86300235118873 -0.935027382265698 -1.0130273822657 -0.856027382265697 14
"664" 63.6743981231222 8.8591388470105 -0.992569865745125 -1.13856986574513 -0.846569865745124 5
"665" 63.5801271155621 8.59758333577729 -0.925653793730494 -1.15565379373049 -0.692653793730493 8
"666" -35.2195964285714 134.434453571429 -0.469658873197537 -0.793658873197536 -0.113658873197537 5
"667" -35.1451285714286 134.301204761905 -0.410495370446401 -0.768495370446402 -0.00349537044640158 4
"668" -35.0369666666667 133.914882352941 -1.03148207297113 -1.25448207297113 -0.809482072971132 6
"669" -35.28444 134.57032 -1.09594546006522 -1.27194546006522 -0.923945460065219 5
"670" -35.029584 133.913316 -1.75052915264432 -2.16152915264432 -1.39552915264432 4
"671" -35.2267811320755 134.493082075472 -1.45276626598076 -1.65176626598076 -1.26076626598076 5
"672" 58.5974168458823 9.11490693847059 -0.953980913343017 -1.05798091334302 -0.848980913343016 10
"673" 58.5938951741935 9.08947073258065 -0.612820198019727 -0.905820198019725 -0.298820198019726 7
"674" 58.5903145575342 9.10255283630137 -0.977328624299706 -1.10632862429971 -0.847328624299706 9
"675" 58.5871482553191 9.10830535638298 -0.816751975295233 -1.00375197529523 -0.623751975295232 8
"676" 58.5907150288462 9.10538803980769 -0.816251093378569 -0.991251093378569 -0.635251093378567 9
"677" -34.0309034532374 134.354451582734 -1.17696245563862 -1.25496245563862 -1.10096245563862 8
"678" -34.085701954023 134.25914091954 -0.898156604285753 -1.29515660428575 -0.499156604285751 8
